1
2
21
50
76
84
106
108
111
122
131
139
151
152
154
164
166
169
194
231
241
258
262
310
311
344
360
362
371
378
392
408
419
424
426
428
428
471
484
492
505
512
524
532
534
546
558
565
579
586
587
590
595
595
608
614
654
659
675
684
690
695
703
724
727
732
739
741
747
768
770
770
784
804
805
821
825
826
833
844
845
848
863
873
891
901
921
925
946
951
953
955
986
993
997
999
1004
1028
1033
1044
1056
1063
1066
1068
1071
1101
1107
1110
1137
1154
1168
1173
1176
1177
1180
1180
1184
1186
1192
1218
1231
1236
1236
1243
1256
1258
1265
1282
1292
1299
1308
1321
1327
1336
1340
1356
1356
1359
1377
1379
1386
1399
1400
1403
1404
1457
1475
1481
1488
1491
1504
1506
1513
1517
1520
1524
1541
1554
1557
1579
1580
1581
1581
1584
1591
1601
1602
1609
1622
1640
1679
1689
1707
1710
1714
1724
1724
1728
1751
1779
1783
1787
1797
1820
1846
1848
1851
1883
1892
1909
1911
1914
1941
1949
1951
1954
1959
1969
1973
1979
1988
1997
2002
2005
2008
2013
2016
2041
2060
2062
2075
2080
2085
2088
2091
2101
2119
2136
2147
2148
2153
2159
2173
2177
2186
2195
2196
2206
2206
2209
2226
2228
2231
2232
2237
2247
2263
2290
2303
2333
2334
2352
2358
2367
2407
2415
2419
2439
2472
2496
2500
2509
2519
2522
2525
2530
2533
2553
2554
2559
2605
2620
2657
2671
2680
2682
2688
2695
2698
2730
2734
2735
2736
2738
2766
2779
2837
2874
2937
2943
2945
2950
2955
2970
2971
2973
2976
2990
2991
3003
3010
3010
3011
3032
3033
3036
3046
3050
3064
3066
3070
3079
3093
3093
3102
3106
3117
3118
3119
3145
3153
3157
3160
3166
3167
3194
3199
3219
3229
3231
3231
3245
3261
3262
3278
3289
3305
3319
3322
3336
3362
3379
3406
3422
3428
3432
3445
3446
3450
3461
3464
3485
3492
3495
3498
3501
3503
3510
3511
3519
3525
3528
3556
3565
3573
3582
3597
3604
3630
3639
3664
3668
3672
3674
3691
3705
3711
3715
3723
3730
3734
3747
3779
3814
3838
3840
3844
3859
3860
3869
3874
3888
3915
3922
3926
3935
3961
3967
4002
4015
4025
4029
4030
4031
4036
4041
4046
4050
4066
4072
4077
4081
4100
4104
4105
4109
4109
4128
4136
4142
4145
4153
4166
4170
4177
4179
4187
4188
4190
4196
4202
4209
4224
4224
4238
4239
4240
4256
4271
4278
4305
4312
4331
4354
4357
4374
4375
4380
4419
4444
4445
4456
4459
4461
4467
4468
4480
4481
4482
4485
4485
4509
4517
4524
4552
4556
4578
4579
4603
4618
4628
4630
4638
4640
4650
4651
4686
4690
4694
4707
4718
4720
4733
4736
4747
4749
4752
4760
4769
4775
4775
4788
4793
4794
4794
4795
4807
4815
4823
4852
4873
4873
4897
4907
4911
4932
4936
4945
4946
4949
4954
4961
4991
4998
5006
5025
5027
5030
5038
5039
5063
5063
5067
5117
5138
5150
5157
5164
5168
5199
5212
5226
5228
5242
5243
5257
5261
5318
5318
5319
5328
5349
5355
5357
5374
5378
5405
5407
5425
5437
5456
5456
5464
5464
5464
5471
5480
5493
5501
5503
5507
5508
5511
5516
5518
5527
5533
5536
5537
5548
5551
5560
5572
5583
5585
5585
5590
5594
5606
5609
5613
5633
5641
5643
5650
5662
5695
5698
5717
5736
5739
5760
5771
5774
5779
5801
5807
5812
5831
5855
5863
5864
5890
5906
5913
5915
5916
5917
5937
5940
5946
5948
5959
5961
5965
5971
5979
5981
5984
6015
6032
6033
6035
6074
6089
6091
6109
6119
6120
6136
6143
6145
6163
6164
6165
6176
6177
6187
6188
6201
6210
6215
6219
6224
6229
6235
6236
6259
6265
6273
6278
6285
6308
6315
6342
6356
6368
6377
6378
6380
6393
6402
6409
6409
6413
6423
6472
6473
6482
6488
6509
6512
6522
6523
6540
6562
6564
6577
6590
6595
6604
6613
6631
6645
6646
6649
6654
6658
6662
6689
6701
6723
6729
6731
6735
6737
6776
6811
6835
6837
6872
6883
6888
6894
6897
6906
6913
6928
6934
6941
6948
6949
6963
6972
6974
6986
7006
7008
7022
7022
7024
7033
7035
7037
7050
7054
7056
7059
7070
7076
7079
7084
7123
7123
7142
7150
7158
7184
7189
7190
7191
7193
7204
7206
7207
7219
7242
7249
7262
7270
7270
7289
7308
7312
7319
7326
7333
7335
7338
7344
7365
7369
7371
7377
7384
7389
7415
7420
7420
7424
7427
7443
7452
7458
7472
7482
7483
7490
7490
7495
7512
7516
7516
7516
7526
7527
7530
7534
7539
7568
7580
7581
7592
7602
7640
7654
7655
7656
7671
7673
7682
7686
7689
7696
7696
7704
7717
7729
7751
7757
7771
7790
7804
7820
7824
7839
7843
7850
7861
7869
7871
7871
7877
7883
7893
7904
7916
7931
7933
7934
7955
7963
7973
7976
7979
8021
8026
8030
8036
8038
8039
8064
8068
8077
8080
8083
8096
8108
8115
8138
8140
8144
8146
8169
8178
8186
8193
8194
8205
8215
8216
8219
8237
8247
8249
8250
8261
8263
8266
8284
8286
8296
8300
8306
8327
8337
8360
8366
8391
8394
8435
8440
8445
8446
8452
8461
8466
8471
8473
8485
8493
8504
8518
8525
8528
8541
8548
8558
8565
8568
8570
8582
8636
8637
8647
8651
8655
8691
8703
8727
8737
8744
8747
8752
8762
8803
8846
8861
8876
8879
8896
8900
8902
8907
8911
8941
8942
8943
8945
8947
8950
8970
8975
8978
8992
8992
9019
9034
9046
9048
9049
9054
9078
9089
9098
9115
9116
9139
9144
9145
9154
9163
9172
9178
9182
9186
9189
9194
9195
9216
9229
9274
9278
9305
9310
9311
9314
9339
9341
9347
9355
9355
9360
9369
9402
9404
9408
9414
9416
9425
9430
9439
9448
9453
9454
9459
9514
9525
9527
9532
9555
9557
9558
9564
9590
9592
9601
9604
9606
9608
9616
9618
9671
9679
9682
9685
9693
9697
9704
9707
9707
9711
9711
9714
9716
9732
9737
9746
9747
9766
9784
9785
9793
9816
9866
9882
9917
9919
9921
9935
9946
9961
9972
9972
9977
9992
9997
10009
10015
10017
10027
10038
10051
10058
10069
10075
10075
10076
10078
10078
10084
10100
10103
10108
10138
10150
10153
10190
10197
10228
10231
10232
10233
10240
10247
10250
10257
10262
10283
10308
10312
10325
10331
10334
10347
10354
10428
10429
10431
10433
10433
10434
10445
10468
10469
10477
10499
10504
10505
10515
10530
10530
10553
10567
10599
10599
10617
10619
10655
10657
10682
10691
10700
10726
10743
10756
10761
10782
10804
10809
10830
10848
10862
10880
10881
10884
10888
10888
10910
10914
10922
10950
10970
10992
11002
11008
11009
11017
11019
11023
11036
11043
11068
11082
11105
11128
11130
11140
11157
11168
11172
11180
11184
11260
11261
11270
11284
11301
11302
11306
11312
11317
11347
11388
11393
11418
11431
11446
11449
11470
11470
11472
11478
11500
11511
11530
11531
11536
11540
11545
11554
11559
11574
11580
11603
11613
11618
11620
11626
11647
11666
11667
11668
11671
11674
11679
11686
11688
11696
11698
11711
11715
11722
11750
11765
11766
11771
11775
11776
11783
11786
11793
11810
11823
11827
11838
11845
11850
11851
11865
11875
11884
11905
11920
11924
11947
11951
11965
11988
12000
12004
12019
12021
12023
12029
12034
12047
12049
12073
12077
12081
12088
12098
12103
12110
12111
12127
12135
12141
12160
12167
12177
12189
12200
12205
12212
12215
12223
12235
12264
12271
12282
12285
12298
12300
12319
12353
12358
12359
12381
12381
12387
12387
12403
12414
12425
12433
12467
12470
12492
12502
12505
12508
12513
12517
12527
12541
12550
12550
12550
12558
12592
12607
12608
12617
12620
12646
12647
12655
12657
12661
12665
12675
12683
12702
12734
12737
12746
12747
12771
12778
12795
12798
12800
12804
12807
12810
12811
12816
12820
12849
12866
12876
12894
12912
12914
12925
12969
12988
12993
12996
13020
13024
13025
13026
13036
13038
13045
13053
13060
13063
13075
13102
13115
13130
13132
13136
13161
13170
13209
13212
13252
13262
13264
13265
13276
13277
13288
13297
13318
13344
13344
13346
13347
13386
13388
13400
13406
13476
13483
13484
13498
13502
13508
13514
13518
13531
13535
13543
13551
13558
13581
13585
13589
13621
13632
13656
13656
13699
13699
13723
13739
13748
13750
13751
13753
13763
13763
13768
13776
13798
13799
13804
13804
13807
13823
13829
13832
13847
13847
13868
13890
13890
13898
13918
13934
13937
13942
13943
13957
13974
13975
13977
13979
14001
14011
14015
14018
14022
14030
14031
14034
14071
14075
14078
14081
14088
14099
14108
14111
14130
14147
14158
14166
14178
14183
14184
14204
14239
14252
14253
14266
14275
14291
14295
14296
14312
14327
14330
14332
14351
14354
14382
14406
14416
14423
14425
14433
14438
14450
14456
14457
14466
14467
14473
14475
14567
14585
14591
14596
14604
14630
14631
14640
14654
14670
14672
14673
14677
14679
14692
14694
14699
14706
14712
14721
14759
14763
14771
14777
14784
14786
14813
14815
14822
14823
14833
14841
14850
14851
14860
14866
14883
14884
14912
14971
14987
14987
15009
15010
15013
15014
15020
15022
15022
15026
15046
15050
15067
15071
15072
15081
15103
15106
15123
15137
15148
15165
15197
15212
15216
15218
15224
15245
15248
15255
15266
15272
15285
15286
15290
15297
15310
15320
15355
15363
15370
15374
15380
15380
15403
15403
15409
15409
15417
15443
15447
15457
15474
15480
15504
15514
15518
15519
15522
15528
15535
15541
15564
15565
15565
15568
15580
15581
15590
15590
15593
15596
15603
15621
15640
15644
15675
15675
15676
15691
15693
15701
15704
15722
15742
15746
15755
15766
15809
15828
15830
15830
15866
15903
15903
15905
15907
15937
15957
15959
15961
15970
15981
15982
15992
16009
16034
16038
16038
16053
16055
16066
16066
16082
16087
16108
16113
16115
16117
16118
16127
16139
16144
16151
16157
16164
16174
16175
16179
16200
16214
16222
16228
16234
16253
16254
16263
16287
16303
16322
16329
16330
16334
16376
16386
16387
16404
16406
16410
16418
16425
16427
16436
16444
16445
16450
16482
16486
16498
16507
16508
16508
16517
16538
16539
16563
16580
16583
16584
16599
16600
16619
16620
16630
16633
16645
16688
16719
16726
16731
16744
16744
16747
16755
16758
16760
16763
16764
16769
16769
16774
16780
16787
16787
16790
16803
16811
16814
16817
16817
16829
16831
16843
16844
16853
16860
16872
16906
16911
16921
16941
16942
16945
16950
16956
16956
16962
16970
16974
16986
16991
17009
17025
17027
17031
17054
17073
17094
17125
17138
17153
17155
17162
17168
17169
17175
17185
17207
17222
17242
17246
17253
17254
17264
17275
17277
17285
17286
17311
17337
17342
17349
17356
17361
17368
17378
17411
17413
17460
17463
17465
17467
17475
17482
17501
17506
17512
17517
17521
17529
17551
17565
17568
17572
17579
17591
17594
17594
17606
17622
17628
17631
17632
17644
17651
17654
17667
17694
17705
17705
17706
17720
17730
17740
17749
17760
17776
17791
17808
17834
17845
17865
17877
17884
17892
17894
17911
17912
17923
17925
17927
17931
17932
17943
17952
17957
17958
17996
18013
18026
18031
18040
18040
18045
18050
18053
18058
18062
18087
18101
18111
18140
18140
18153
18167
18181
18186
18191
18193
18199
18217
18221
18234
18236
18269
18272
18277
18278
18290
18295
18303
18327
18337
18339
18357
18372
18376
18384
18389
18393
18394
18405
18407
18433
18434
18439
18449
18451
18458
18463
18469
18478
18479
18490
18505
18506
18513
18519
18523
18531
18548
18567
18569
18570
18574
18576
18578
18618
18650
18671
18683
18689
18699
18716
18725
18726
18737
18747
18751
18758
18789
18794
18812
18817
18818
18819
18819
18825
18842
18847
18865
18868
18873
18876
18877
18882
18898
18899
18903
18932
18937
18940
18940
18963
18987
19002
19013
19014
19017
19022
19022
19027
19030
19038
19041
19094
19111
19117
19121
19148
19150
19151
19159
19193
19210
19212
19221
19234
19236
19246
19264
19303
19304
19310
19323
19326
19341
19359
19363
19366
19371
19394
19396
19405
19413
19419
19423
19424
19443
19448
19467
19472
19484
19490
19512
19545
19553
19570
19595
19627
19669
19670
19674
19675
19675
19678
19686
19687
19701
19702
19705
19706
19707
19708
19709
19731
19733
19755
19756
19775
19775
19777
19787
19805
19811
19815
19821
19823
19825
19836
19836
19848
19851
19855
19856
19869
19879
19880
19887
19900
19911
19915
19934
19939
19979
19983
19984
19986
20043
20055
20056
20069
20082
20084
20091
20100
20109
20118
20123
20128
20132
20169
20177
20179
20188
20192
20198
20210
20227
20273
20281
20285
20287
20288
20290
20290
20324
20359
20386
20387
20394
20401
20401
20420
20427
20439
20445
20450
20468
20471
20490
20493
20494
20500
20511
20522
20564
20577
20578
20586
20606
20625
20631
20631
20647
20653
20673
20683
20685
20703
20722
20743
20748
20749
20753
20754
20770
20798
20800
20812
20846
20856
20860
20873
20878
20883
20887
20901
20906
20910
20912
20924
20926
20931
20948
20958
20962
20984
20995
21011
21013
21017
21018
21040
21046
21052
21057
21069
21095
21121
21129
21142
21148
21154
21172
21184
21199
21208
21230
21231
21249
21266
21275
21283
21289
21299
21300
21309
21317
21318
21324
21337
21348
21382
21413
21430
21433
21435
21454
21503
21519
21533
21539
21543
21544
21551
21559
21567
21586
21602
21635
21638
21645
21672
21681
21685
21708
21716
21718
21734
21756
21758
21759
21771
21797
21806
21810
21819
21844
21858
21892
21897
21899
21913
21914
21922
21924
21931
21943
21961
21966
21972
21983
21986
21987
21993
21997
22001
22017
22058
22073
22076
22109
22117
22118
22119
22167
22172
22187
22191
22201
22202
22205
22208
22211
22222
22235
22251
22258
22259
22261
22287
22293
22298
22311
22321
22343
22347
22351
22360
22370
22372
22375
22386
22387
22389
22405
22416
22417
22418
22420
22432
22472
22485
22492
22516
22518
22520
22525
22528
22536
22539
22543
22543
22553
22579
22579
22584
22588
22589
22590
22605
22606
22640
22658
22669
22669
22674
22675
22675
22676
22686
22695
22703
22727
22729
22729
22738
22746
22757
22763
22771
22786
22788
22799
22801
22854
22855
22875
22906
22924
22945
22980
22994
23013
23025
23028
23055
23063
23065
23065
23082
23085
23088
23098
23124
23141
23156
23199
23207
23209
23218
23226
23244
23256
23260
23268
23279
23283
23284
23292
23320
23330
23331
23351
23360
23403
23407
23408
23412
23413
23426
23440
23464
23474
23488
23499
23523
23523
23526
23534
23558
23561
23580
23583
23589
23595
23605
23616
23616
23639
23640
23642
23642
23661
23678
23694
23699
23731
23736
23754
23756
23757
23758
23767
23798
23800
23803
23808
23823
23824
23828
23844
23844
23851
23855
23886
23908
23911
23918
23960
23993
24002
24023
24033
24054
24069
24079
24087
24093
24100
24164
24167
24168
24182
24185
24204
24213
24214
24234
24242
24243
24253
24256
24258
24263
24271
24272
24279
24298
24301
24304
24306
24307
24312
24318
24318
24344
24357
24359
24370
24376
24379
24427
24431
24437
24440
24493
24503
24535
24548
24578
24583
24602
24606
24621
24622
24628
24629
24631
24634
24635
24652
24654
24664
24666
24677
24711
24720
24739
24752
24783
24791
24796
24798
24839
24839
24843
24856
24862
24864
24872
24872
24878
24887
24891
24891
24895
24899
24906
24908
24918
24918
24925
24932
24961
24966
24987
24987
24997
25004
25005
25010
25010
25014
25027
25037
25059
25075
25084
25096
25104
25104
25117
25118
25131
25141
25146
25166
25166
25172
25184
25191
25203
25207
25216
25220
25224
25227
25240
25246
25264
25277
25277
25279
25292
25298
25300
25326
25341
25356
25356
25365
25366
25373
25373
25393
25403
25405
25407
25412
25442
25448
25449
25456
25457
25466
25501
25505
25518
25539
25540
25557
25558
25574
25577
25599
25607
25641
25651
25676
25695
25701
25705
25708
25709
25714
25718
25722
25742
25752
25752
25768
25769
25781
25782
25797
25798
25809
25813
25819
25843
25858
25863
25889
25892
25900
25918
25923
25955
25965
25987
26004
26011
26036
26051
26073
26119
26122
26138
26143
26181
26199
26199
26204
26210
26213
26214
26230
26243
26268
26279
26288
26294
26298
26312
26316
26333
26353
26354
26355
26370
26393
26394
26402
26412
26412
26417
26421
26426
26439
26442
26443
26469
26470
26486
26523
26523
26551
26576
26600
26608
26610
26628
26632
26633
26647
26654
26663
26667
26667
26667
26667
26669
26705
26715
26720
26728
26738
26738
26740
26760
26765
26771
26771
26772
26775
26802
26810
26820
26837
26839
26860
26862
26869
26905
26938
26943
26950
26971
26971
26978
26989
27006
27033
27038
27044
27045
27062
27063
27089
27089
27092
27116
27147
27147
27148
27149
27172
27185
27205
27223
27225
27240
27271
27283
27284
27319
27324
27324
27325
27337
27350
27354
27361
27365
27374
27425
27432
27432
27442
27446
27446
27452
27462
27467
27476
27476
27484
27500
27502
27513
27531
27536
27542
27545
27547
27557
27559
27567
27578
27592
27609
27626
27631
27645
27661
27665
27676
27681
27693
27694
27701
27717
27723
27740
27742
27756
27760
27768
27781
27787
27791
27804
27812
27813
27829
27846
27858
27870
27871
27881
27889
27923
27929
27939
27940
27941
27948
27970
27990
28006
28009
28044
28047
28050
28074
28075
28078
28081
28103
28111
28116
28120
28171
28183
28198
28219
28222
28230
28242
28270
28270
28295
28304
28306
28312
28316
28321
28334
28335
28350
28353
28374
28376
28381
28398
28405
28406
28406
28416
28417
28420
28429
28450
28456
28459
28460
28494
28512
28540
28540
28560
28574
28576
28596
28601
28602
28603
28608
28608
28626
28644
28662
28665
28671
28679
28714
28721
28741
28743
28782
28801
28817
28824
28828
28846
28882
28882
28905
28907
28908
28912
28921
28925
28929
28932
28940
28948
28956
29007
29035
29050
29051
29056
29057
29063
29066
29066
29070
29073
29074
29113
29121
29142
29146
29151
29172
29175
29177
29191
29191
29197
29201
29205
29221
29222
29226
29235
29235
29240
29242
29275
29285
29301
29322
29353
29362
29363
29374
29385
29385
29387
29392
29399
29408
29410
29414
29444
29449
29456
29467
29471
29472
29476
29484
29495
29503
29524
29531
29542
29551
29553
29558
29569
29592
29600
29607
29612
29621
29634
29635
29662
29667
29674
29694
29707
29723
29723
29735
29746
29748
29759
29774
29777
29779
29779
29795
29800
29801
29803
29812
29815
29827
29828
29829
29840
29854
29856
29859
29876
29877
29880
29891
29900
29921
29928
29929
29943
29947
29954
29964
29965
29971
29982
29995
29999
30004
30021
30021
30023
30038
30044
30048
30052
30055
30056
30063
30085
30090
30102
30104
30125
30125
30131
30138
30162
30178
30179
30194
30204
30218
30230
30248
30271
30271
30280
30281
30290
30294
30308
30348
30352
30360
30364
30368
30392
30394
30404
30414
30422
30423
30450
30461
30466
30472
30485
30493
30495
30509
30518
30533
30544
30545
30561
30573
30579
30583
30662
30662
30680
30687
30688
30691
30710
30726
30739
30747
30754
30768
30784
30785
30801
30801
30802
30810
30810
30816
30822
30838
30843
30845
30895
30916
30919
30923
30941
30949
30954
30959
30960
30983
30992
31009
31010
31047
31048
31048
31053
31055
31074
31082
31083
31086
31097
31099
31099
31101
31102
31109
31111
31139
31148
31163
31166
31167
31175
31181
31182
31191
31195
31222
31228
31229
31231
31238
31251
31270
31296
31306
31318
31323
31327
31332
31335
31338
31340
31341
31356
31369
31398
31399
31414
31424
31430
31453
31473
31474
31492
31500
31508
31513
31530
31539
31553
31561
31577
31578
31595
31610
31611
31612
31633
31634
31656
31665
31669
31708
31711
31728
31732
31734
31769
31783
31796
31797
31810
31810
31812
31825
31830
31835
31843
31861
31867
31880
31884
31891
31896
31913
31920
31933
31935
31949
31950
31958
31960
31966
31975
31997
32003
32004
32019
32019
32025
32040
32053
32062
32074
32086
32090
32095
32156
32164
32166
32174
32184
32186
32189
32206
32207
32207
32229
32233
32245
32267
32300
32317
32367
32370
32374
32374
32405
32406
32418
32423
32424
32429
32435
32459
32489
32490
32490
32515
32525
32527
32535
32544
32553
32590
32599
32611
32614
32618
32635
32644
32645
32662
32679
32680
32689
32690
32692
32693
32693
32704
32712
32717
32729
32764
32767
32768
32792
32794
32801
32807
32815
32819
32819
32825
32840
32846
32858
32859
32869
32878
32878
32914
32917
32960
32975
32996
33001
33015
33019
33067
33072
33079
33085
33092
33094
33097
33107
33117
33121
33142
33143
33149
33152
33169
33171
33173
33208
33214
33215
33237
33244
33251
33294
33294
33296
33297
33333
33336
33374
33377
33384
33388
33389
33405
33417
33422
33428
33429
33436
33438
33451
33460
33469
33474
33480
33482
33485
33491
33494
33521
33532
33540
33549
33552
33573
33594
33609
33619
33624
33630
33658
33663
33687
33691
33691
33699
33702
33726
33727
33733
33739
33739
33743
33746
33747
33753
33755
33765
33770
33778
33800
33808
33828
33829
33830
33831
33835
33841
33853
33864
33865
33866
33875
33886
33910
33917
33917
33930
33940
33951
33953
33955
33969
33986
33990
33998
34027
34029
34033
34042
34044
34048
34058
34060
34070
34085
34101
34104
34116
34116
34130
34150
34150
34152
34162
34164
34176
34186
34188
34207
34214
34214
34215
34220
34223
34248
34254
34269
34278
34283
34291
34292
34296
34302
34323
34346
34350
34356
34357
34359
34361
34366
34367
34370
34382
34393
34396
34415
34443
34453
34455
34456
34468
34470
34472
34510
34521
34522
34526
34544
34552
34557
34559
34593
34599
34600
34604
34618
34634
34636
34655
34662
34669
34671
34672
34674
34675
34679
34701
34701
34711
34732
34756
34770
34774
34782
34802
34811
34823
34827
34874
34878
34894
34895
34905
34907
34912
34928
34933
34934
34938
34946
34960
34992
35000
35000
35011
35012
35024
35031
35042
35046
35080
35082
35082
35108
35110
35117
35134
35142
35151
35151
35162
35174
35174
35177
35206
35212
35226
35230
35236
35262
35275
35284
35299
35320
35322
35331
35333
35336
35337
35346
35361
35366
35366
35403
35405
35439
35446
35449
35449
35458
35465
35492
35502
35514
35540
35557
35574
35591
35604
35608
35613
35623
35625
35628
35637
35640
35671
35681
35686
35690
35703
35703
35720
35723
35728
35751
35751
35779
35781
35799
35819
35828
35831
35843
35843
35844
35856
35858
35863
35867
35878
35891
35906
35914
35914
35914
35923
35926
35935
35949
35956
35956
35960
35971
35990
36015
36032
36046
36064
36078
36082
36082
36087
36095
36095
36099
36120
36122
36138
36142
36152
36157
36161
36165
36170
36182
36186
36208
36217
36217
36224
36226
36227
36227
36235
36243
36255
36269
36276
36282
36288
36304
36305
36306
36309
36321
36334
36357
36360
36380
36381
36384
36406
36427
36429
36433
36443
36446
36456
36463
36469
36484
36487
36495
36496
36497
36518
36544
36556
36572
36579
36592
36610
36618
36625
36627
36637
36643
36646
36665
36680
36689
36703
36705
36710
36713
36713
36728
36729
36734
36736
36738
36743
36745
36767
36773
36787
36789
36812
36824
36828
36840
36847
36850
36850
36856
36864
36876
36876
36880
36888
36902
36935
36939
36940
36945
36961
36970
36974
36983
36991
37011
37019
37020
37035
37035
37045
37065
37080
37081
37121
37128
37144
37148
37154
37160
37174
37181
37184
37186
37202
37207
37214
37220
37222
37231
37238
37240
37243
37258
37276
37278
37285
37301
37302
37317
37332
37354
37373
37378
37383
37384
37386
37415
37419
37428
37439
37457
37461
37469
37472
37481
37488
37526
37533
37542
37573
37583
37583
37596
37603
37610
37610
37619
37628
37630
37642
37664
37690
37692
37698
37740
37753
37762
37777
37785
37805
37810
37810
37815
37818
37819
37821
37837
37840
37842
37856
37862
37869
37872
37878
37884
37895
37908
37918
37930
37967
37967
37973
37992
38030
38048
38050
38056
38076
38080
38084
38099
38100
38105
38136
38147
38148
38150
38157
38159
38172
38191
38202
38211
38228
38237
38252
38259
38280
38280
38283
38289
38297
38299
38303
38307
38331
38332
38333
38343
38353
38373
38384
38397
38398
38403
38415
38424
38429
38443
38450
38482
38489
38490
38502
38522
38530
38533
38553
38568
38584
38592
38600
38613
38613
38614
38639
38640
38663
38666
38670
38679
38683
38691
38703
38710
38714
38723
38727
38727
38757
38759
38763
38767
38771
38773
38774
38794
38799
38806
38824
38854
38856
38876
38880
38889
38893
38905
38924
38928
38938
38938
38961
38961
38967
38973
38987
39000
39002
39011
39014
39016
39030
39033
39047
39051
39066
39074
39080
39081
39121
39133
39135
39148
39162
39181
39194
39197
39202
39204
39208
39214
39222
39244
39288
39298
39300
39306
39311
39341
39347
39357
39359
39370
39415
39419
39422
39442
39442
39447
39449
39484
39488
39499
39501
39503
39505
39520
39539
39543
39561
39563
39592
39606
39617
39619
39657
39662
39688
39700
39702
39702
39705
39705
39721
39729
39732
39735
39737
39744
39746
39788
39814
39820
39856
39896
39911
39924
39924
39927
39930
39935
39938
39941
39957
39959
39966
39969
39986
40001
40003
40019
40042
40052
40078
40084
40092
40100
40130
40146
40157
40161
40171
40180
40186
40192
40193
40205
40209
40214
40224
40227
40232
40243
40276
40283
40291
40307
40326
40326
40329
40334
40339
40359
40363
40375
40397
40401
40409
40412
40412
40419
40421
40433
40437
40440
40450
40451
40455
40462
40478
40487
40489
40492
40501
40510
40510
40530
40533
40534
40541
40553
40559
40590
40595
40596
40616
40629
40656
40664
40677
40685
40689
40701
40706
40718
40734
40750
40757
40767
40774
40779
40783
40785
40786
40788
40813
40827
40831
40834
40845
40851
40853
40864
40868
40871
40872
40874
40877
40878
40879
40893
40907
40920
40927
40929
40932
40933
40962
40964
40965
40990
40998
40999
41014
41014
41024
41027
41037
41050
41054
41056
41069
41075
41099
41106
41121
41129
41154
41161
41163
41182
41237
41242
41250
41260
41274
41295
41304
41315
41320
41336
41343
41345
41348
41348
41350
41351
41352
41358
41359
41364
41374
41376
41377
41383
41393
41398
41426
41460
41466
41478
41483
41485
41490
41492
41495
41498
41501
41515
41525
41527
41550
41554
41556
41568
41586
41592
41593
41611
41630
41637
41652
41660
41662
41663
41669
41670
41680
41696
41704
41726
41730
41736
41743
41744
41748
41754
41797
41818
41824
41845
41880
41882
41886
41889
41889
41890
41917
41920
41920
41922
41924
41930
41936
41941
41950
41953
41963
41964
41965
41969
41973
41976
41987
41991
42012
42018
42031
42044
42052
42065
42067
42101
42105
42113
42115
42127
42133
42134
42160
42180
42192
42197
42209
42226
42237
42242
42260
42264
42272
42282
42285
42297
42301
42314
42337
42343
42356
42361
42362
42368
42376
42384
42391
42395
42403
42409
42411
42416
42421
42437
42446
42492
42495
42508
42531
42554
42558
42567
42567
42592
42606
42606
42615
42616
42642
42650
42659
42687
42719
42730
42730
42738
42739
42741
42750
42759
42761
42786
42804
42806
42809
42829
42842
42849
42850
42862
42878
42880
42905
42912
42919
42928
42933
42960
42974
42991
42991
42996
43000
43002
43033
43077
43079
43094
43096
43115
43118
43167
43169
43182
43193
43194
43194
43213
43223
43269
43283
43300
43301
43302
43315
43335
43337
43347
43349
43365
43375
43377
43378
43390
43392
43393
43396
43398
43408
43413
43421
43424
43430
43431
43433
43434
43440
43441
43449
43461
43468
43485
43489
43491
43492
43493
43493
43499
43500
43505
43510
43513
43516
43535
43554
43560
43569
43582
43590
43598
43652
43653
43679
43681
43686
43717
43748
43760
43763
43774
43807
43809
43820
43823
43827
43839
43852
43859
43874
43875
43887
43888
43895
43898
43910
43919
43973
44000
44009
44034
44041
44048
44051
44056
44075
44102
44103
44112
44126
44127
44127
44128
44130
44130
44140
44141
44162
44169
44189
44189
44192
44202
44211
44240
44240
44240
44275
44281
44291
44306
44310
44323
44339
44347
44357
44377
44398
44411
44418
44441
44509
44523
44533
44535
44535
44549
44560
44575
44582
44597
44607
44625
44628
44629
44654
44698
44699
44705
44714
44717
44721
44726
44754
44767
44780
44781
44789
44794
44800
44806
44807
44817
44822
44823
44827
44830
44857
44860
44866
44898
44928
44929
44931
44935
44979
44998
44999
45007
45013
45021
45026
45046
45047
45048
45049
45054
45062
45081
45085
45089
45118
45125
45125
45147
45148
45156
45160
45184
45185
45187
45190
45201
45228
45233
45250
45266
45289
45292
45298
45303
45308
45312
45322
45337
45339
45359
45371
45378
45394
45395
45405
45406
45432
45448
45467
45471
45474
45480
45488
45509
45518
45528
45532
45534
45552
45575
45581
45598
45603
45652
45655
45656
45672
45688
45693
45700
45706
45708
45733
45741
45744
45746
45757
45819
45833
45845
45852
45853
45876
45878
45886
45887
45912
45927
45927
45932
45935
45947
45951
45956
45975
46007
46009
46010
46013
46050
46051
46054
46058
46069
46069
46074
46081
46086
46110
46122
46130
46132
46138
46142
46174
46198
46211
46216
46220
46228
46231
46237
46251
46267
46280
46293
46314
46324
46324
46325
46327
46339
46342
46345
46349
46350
46363
46366
46373
46375
46378
46383
46391
46393
46406
46409
46413
46413
46424
46443
46456
46477
46497
46499
46532
46550
46571
46571
46584
46590
46640
46642
46644
46658
46664
46679
46687
46706
46713
46728
46738
46744
46751
46773
46781
46782
46788
46821
46837
46840
46845
46852
46856
46865
46882
46884
46906
46912
46920
46923
46932
46941
46946
46947
46949
46949
46951
46977
47012
47055
47059
47081
47092
47097
47109
47113
47124
47135
47144
47145
47147
47157
47165
47171
47175
47179
47197
47204
47215
47223
47230
47232
47257
47264
47274
47280
47283
47283
47291
47294
47294
47301
47312
47335
47353
47370
47397
47407
47418
47445
47454
47454
47455
47456
47473
47475
47496
47514
47514
47518
47586
47590
47592
47594
47603
47608
47629
47634
47649
47655
47658
47662
47663
47670
47684
47694
47704
47714
47735
47738
47744
47775
47782
47787
47795
47796
47818
47828
47834
47839
47866
47870
47901
47906
47910
47924
47939
47955
47962
47980
47997
48014
48047
48049
48054
48065
48078
48081
48082
48091
48107
48109
48119
48120
48122
48137
48142
48164
48175
48200
48205
48207
48208
48217
48218
48222
48240
48249
48256
48261
48269
48288
48294
48295
48302
48309
48314
48315
48334
48351
48353
48358
48358
48371
48397
48398
48399
48401
48410
48420
48443
48444
48481
48489
48489
48490
48493
48494
48497
48499
48510
48517
48528
48559
48561
48596
48604
48623
48643
48654
48681
48714
48717
48718
48725
48736
48740
48741
48746
48753
48767
48776
48778
48802
48804
48820
48827
48841
48843
48847
48855
48870
48871
48872
48882
48889
48896
48999
49002
49026
49032
49052
49071
49074
49112
49113
49115
49123
49126
49127
49144
49151
49158
49158
49167
49209
49214
49227
49239
49243
49253
49254
49263
49275
49279
49285
49291
49303
49306
49367
49368
49384
49409
49423
49435
49442
49446
49465
49470
49486
49486
49499
49515
49535
49535
49544
49548
49562
49563
49586
49591
49607
49617
49642
49646
49648
49654
49654
49655
49716
49724
49728
49736
49738
49747
49801
49806
49838
49854
49857
49862
49866
49867
49878
49878
49885
49890
49895
49905
49926
49933
49968
49968
49972
49982
49993
49994
49997
50000
50003
50018
50043
50066
50066
50079
50094
50096
50111
50125
50150
50168
50168
50170
50184
50187
50206
50230
50240
50243
50245
50254
50255
50267
50275
50286
50290
50295
50299
50318
50319
50331
50358
50367
50370
50377
50379
50384
50388
50395
50396
50403
50405
50437
50440
50454
50457
50469
50477
50521
50526
50531
50564
50564
50593
50598
50611
50612
50621
50623
50635
50662
50682
50690
50693
50701
50725
50728
50731
50735
50755
50756
50762
50807
50819
50822
50825
50839
50842
50870
50873
50873
50884
50907
50911
50920
50938
50944
50959
50985
50991
50993
50996
50999
51009
51010
51017
51019
51025
51039
51047
51048
51049
51054
51079
51086
51095
51099
51142
51147
51159
51166
51181
51188
51200
51221
51224
51232
51246
51258
51272
51279
51298
51308
51314
51337
51349
51357
51378
51387
51394
51408
51413
51414
51414
51421
51427
51441
51453
51455
51460
51473
51479
51491
51511
51529
51538
51543
51546
51546
51546
51546
51560
51567
51573
51578
51580
51581
51598
51606
51627
51640
51664
51680
51693
51695
51698
51705
51732
51780
51784
51792
51792
51797
51798
51804
51812
51836
51841
51842
51856
51861
51861
51863
51864
51865
51892
51894
51905
51922
51923
51936
51936
51940
51941
51942
51950
51951
51953
51958
51962
51983
51998
52004
52007
52012
52019
52032
52049
52081
52085
52094
52108
52139
52158
52180
52193
52203
52241
52252
52253
52263
52265
52277
52290
52299
52314
52332
52341
52343
52354
52356
52370
52382
52384
52392
52406
52406
52416
52430
52438
52442
52448
52449
52462
52480
52489
52496
52497
52510
52528
52542
52562
52567
52580
52607
52608
52627
52632
52639
52646
52666
52677
52686
52691
52696
52697
52703
52725
52749
52762
52765
52774
52805
52811
52812
52814
52814
52828
52841
52861
52862
52863
52872
52885
52892
52916
52920
52940
52944
52945
52954
52962
52971
52987
53008
53031
53043
53051
53057
53057
53066
53071
53096
53111
53132
53133
53149
53150
53176
53178
53220
53231
53238
53257
53258
53268
53268
53269
53275
53284
53285
53313
53319
53321
53356
53371
53406
53421
53441
53449
53463
53509
53512
53518
53568
53577
53580
53581
53587
53595
53623
53624
53626
53630
53641
53641
53649
53655
53660
53661
53691
53696
53698
53708
53709
53716
53734
53736
53737
53738
53743
53748
53752
53758
53759
53764
53768
53774
53776
53783
53795
53795
53800
53803
53811
53813
53815
53818
53819
53822
53842
53854
53874
53889
53890
53898
53904
53927
53944
53949
53971
53980
53996
54005
54014
54016
54016
54019
54019
54021
54025
54043
54045
54048
54073
54091
54098
54124
54138
54150
54153
54157
54157
54157
54168
54175
54195
54221
54234
54236
54240
54244
54270
54278
54300
54324
54329
54335
54350
54354
54361
54373
54375
54382
54385
54389
54421
54433
54433
54469
54477
54490
54494
54513
54528
54536
54543
54560
54568
54575
54587
54591
54600
54622
54623
54636
54663
54664
54676
54691
54693
54703
54704
54731
54737
54741
54745
54802
54809
54842
54849
54852
54853
54856
54859
54864
54867
54881
54888
54892
54921
54922
54929
54930
54937
54941
54941
54943
54944
54962
54966
54976
54999
54999
55004
55015
55040
55042
55051
55078
55086
55089
55101
55113
55115
55121
55122
55126
55134
55134
55138
55144
55145
55155
55165
55168
55172
55178
55206
55208
55208
55209
55226
55227
55229
55231
55239
55241
55246
55254
55255
55260
55265
55271
55273
55273
55286
55297
55316
55317
55330
55340
55346
55347
55362
55362
55375
55378
55380
55381
55385
55388
55419
55422
55425
55440
55447
55461
55464
55475
55489
55498
55506
55509
55532
55546
55547
55557
55594
55598
55612
55627
55634
55637
55649
55669
55686
55718
55721
55735
55751
55754
55755
55789
55800
55807
55808
55827
55842
55868
55876
55877
55883
55897
55900
55914
55922
55930
55955
55960
55968
55979
55985
56000
56024
56025
56038
56047
56061
56078
56090
56092
56093
56094
56118
56120
56131
56135
56136
56154
56163
56165
56184
56185
56185
56198
56218
56234
56234
56247
56249
56263
56263
56279
56298
56310
56336
56341
56374
56391
56399
56407
56425
56427
56432
56436
56440
56447
56448
56460
56462
56464
56471
56472
56476
56479
56507
56521
56525
56544
56545
56548
56561
56565
56568
56578
56579
56580
56581
56582
56593
56606
56619
56630
56637
56650
56653
56658
56668
56669
56673
56691
56694
56723
56724
56738
56748
56776
56786
56790
56799
56805
56815
56831
56834
56836
56852
56866
56872
56873
56891
56901
56923
56926
56930
56933
56934
56948
56958
56961
56961
57008
57026
57026
57037
57051
57068
57096
57101
57101
57110
57112
57120
57120
57121
57122
57133
57142
57149
57151
57153
57162
57175
57187
57189
57191
57193
57195
57240
57261
57279
57295
57299
57302
57305
57308
57318
57327
57330
57331
57358
57377
57418
57443
57446
57452
57470
57474
57475
57509
57509
57551
57564
57575
57585
57590
57601
57618
57692
57703
57712
57717
57722
57744
57752
57754
57756
57765
57770
57771
57786
57812
57849
57856
57875
57881
57897
57924
57926
57946
57947
57948
57963
57990
58022
58027
58056
58062
58064
58093
58103
58116
58127
58140
58146
58148
58162
58165
58172
58173
58175
58194
58207
58208
58216
58226
58241
58258
58262
58290
58299
58307
58312
58319
58331
58336
58345
58346
58366
58373
58381
58388
58391
58395
58402
58409
58413
58417
58425
58427
58429
58432
58439
58443
58447
58449
58455
58467
58470
58479
58480
58487
58494
58524
58535
58556
58570
58574
58584
58598
58608
58617
58644
58657
58660
58670
58670
58688
58689
58694
58699
58701
58703
58715
58720
58721
58722
58723
58737
58738
58750
58761
58767
58772
58774
58776
58785
58794
58797
58808
58817
58817
58822
58827
58881
58888
58892
58905
58910
58919
58927
58950
58964
58983
58985
59002
59022
59026
59032
59032
59049
59056
59065
59067
59076
59083
59091
59110
59114
59114
59118
59120
59132
59146
59151
59154
59160
59161
59164
59165
59167
59180
59187
59200
59200
59205
59221
59238
59242
59244
59266
59284
59289
59300
59306
59311
59313
59319
59340
59357
59363
59367
59371
59381
59384
59386
59408
59408
59414
59415
59425
59442
59448
59453
59458
59484
59488
59489
59498
59515
59516
59522
59530
59549
59555
59555
59557
59574
59590
59590
59609
59611
59617
59630
59630
59648
59650
59658
59662
59682
59684
59684
59713
59725
59732
59742
59745
59746
59747
59772
59788
59794
59801
59803
59815
59828
59845
59852
59853
59863
59867
59890
59890
59892
59903
59906
59917
59925
59930
59934
59947
59968
60006
60007
60011
60013
60016
60021
60024
60031
60055
60056
60073
60077
60085
60087
60109
60123
60152
60154
60154
60174
60190
60199
60202
60220
60231
60232
60241
60255
60262
60263
60273
60274
60275
60276
60277
60285
60298
60300
60305
60319
60338
60353
60354
60369
60372
60382
60391
60394
60395
60399
60423
60424
60437
60439
60475
60491
60498
60504
60527
60528
60555
60564
60626
60627
60644
60685
60688
60715
60722
60733
60737
60747
60750
60754
60760
60767
60768
60776
60796
60806
60840
60845
60850
60851
60855
60856
60860
60872
60885
60886
60886
60919
60943
60946
60969
60975
60990
60995
61010
61035
61041
61048
61052
61079
61081
61089
61096
61099
61108
61111
61150
61157
61165
61171
61182
61190
61197
61202
61207
61211
61213
61217
61224
61228
61231
61232
61233
61235
61243
61248
61248
61250
61256
61258
61263
61272
61276
61292
61313
61327
61335
61340
61341
61341
61358
61361
61367
61371
61378
61384
61390
61417
61432
61434
61435
61446
61489
61528
61530
61535
61537
61542
61551
61557
61559
61567
61568
61585
61587
61627
61644
61656
61659
61660
61692
61701
61717
61718
61730
61737
61739
61741
61746
61752
61752
61755
61762
61773
61785
61798
61811
61821
61834
61839
61841
61845
61860
61864
61897
61898
61915
61918
61921
61934
61944
61950
61972
61988
61989
61994
61998
62016
62020
62024
62025
62030
62033
62039
62040
62055
62061
62061
62063
62098
62102
62108
62109
62111
62129
62138
62139
62152
62175
62180
62181
62201
62203
62219
62251
62285
62291
62302
62318
62327
62329
62346
62351
62360
62387
62388
62403
62413
62420
62433
62456
62458
62507
62508
62537
62575
62576
62603
62606
62627
62627
62632
62651
62655
62659
62660
62667
62671
62674
62685
62696
62699
62701
62706
62729
62734
62745
62748
62765
62772
62776
62799
62823
62826
62830
62835
62847
62854
62855
62856
62882
62888
62915
62916
62927
62932
62933
62934
62942
62948
62952
62969
62971
62979
62980
62983
62993
62998
63000
63001
63003
63006
63008
63011
63033
63037
63037
63044
63048
63054
63068
63070
63086
63107
63116
63117
63119
63128
63143
63154
63160
63161
63181
63182
63186
63194
63197
63205
63233
63243
63245
63246
63247
63250
63256
63278
63301
63303
63305
63305
63311
63329
63329
63337
63370
63379
63387
63394
63406
63406
63415
63422
63438
63447
63451
63456
63456
63457
63475
63492
63499
63514
63544
63553
63561
63568
63593
63621
63626
63627
63640
63642
63659
63668
63685
63688
63706
63718
63759
63763
63779
63819
63823
63841
63860
63860
63875
63896
63898
63908
63909
63910
63911
63912
63914
63917
63923
63924
63926
63928
63930
63937
63939
63946
63961
63962
63964
63967
63968
63978
63985
64004
64027
64041
64058
64104
64125
64131
64135
64145
64149
64168
64184
64186
64198
64200
64211
64211
64211
64215
64226
64231
64238
64253
64259
64266
64286
64288
64311
64312
64326
64350
64352
64357
64377
64383
64390
64399
64403
64408
64410
64418
64443
64466
64470
64485
64490
64496
64501
64517
64528
64540
64555
64575
64584
64598
64599
64601
64611
64615
64629
64647
64665
64669
64677
64677
64693
64698
64699
64700
64705
64756
64757
64765
64773
64791
64792
64801
64806
64814
64815
64824
64824
64833
64847
64860
64870
64876
64876
64881
64888
64891
64906
64907
64912
64923
64927
64935
64962
64974
64980
64982
64986
65006
65041
65050
65061
65066
65071
65074
65082
65092
65092
65140
65144
65146
65149
65168
65168
65173
65199
65229
65241
65242
65251
65273
65278
65293
65301
65318
65346
65354
65354
65361
65364
65368
65374
65375
65412
65420
65452
65461
65465
65468
65517
65518
65524
65525
65525
65527
65533
65552
65555
65556
65577
65585
65604
65614
65616
65618
65676
65683
65684
65703
65705
65712
65719
65722
65730
65736
65743
65747
65764
65772
65779
65786
65799
65816
65818
65830
65832
65837
65840
65850
65854
65857
65861
65865
65880
65882
65893
65907
65920
65923
65926
65933
65939
65954
65959
65980
65980
65984
65988
65992
66003
66015
66053
66094
66111
66115
66137
66159
66179
66181
66191
66197
66215
66228
66237
66247
66259
66266
66284
66292
66320
66331
66332
66339
66341
66344
66345
66346
66347
66348
66350
66359
66379
66382
66388
66396
66409
66439
66440
66449
66474
66479
66485
66487
66490
66493
66503
66504
66509
66515
66530
66542
66548
66558
66578
66592
66599
66624
66631
66632
66642
66657
66659
66668
66674
66680
66686
66707
66739
66750
66755
66756
66759
66770
66774
66775
66776
66781
66817
66818
66836
66841
66841
66861
66863
66871
66888
66894
66902
66923
66934
66952
66957
66966
66987
66991
67002
67016
67020
67031
67033
67050
67060
67062
67090
67096
67124
67129
67135
67147
67151
67170
67179
67183
67218
67221
67236
67236
67246
67253
67265
67277
67278
67281
67282
67288
67296
67297
67319
67324
67328
67345
67347
67347
67359
67374
67382
67388
67397
67412
67413
67429
67442
67457
67457
67457
67466
67481
67482
67489
67495
67499
67536
67551
67562
67565
67571
67582
67583
67592
67595
67595
67605
67626
67640
67682
67700
67715
67721
67731
67733
67757
67777
67782
67783
67785
67787
67787
67790
67806
67815
67837
67874
67881
67885
67919
67923
67926
67948
67990
67994
68012
68021
68030
68055
68075
68106
68128
68129
68135
68172
68176
68185
68186
68200
68201
68221
68225
68227
68241
68247
68264
68267
68280
68305
68322
68354
68364
68364
68367
68371
68383
68397
68403
68407
68422
68428
68436
68437
68457
68473
68480
68494
68500
68504
68510
68514
68517
68517
68527
68554
68575
68581
68600
68610
68621
68654
68671
68672
68682
68682
68712
68715
68754
68772
68797
68799
68830
68831
68862
68863
68871
68878
68899
68908
68910
68910
68932
68932
68939
68949
68966
68969
68972
68988
69005
69006
69007
69021
69051
69057
69069
69077
69079
69086
69101
69103
69110
69119
69140
69156
69164
69168
69171
69172
69185
69187
69196
69198
69203
69215
69217
69223
69231
69235
69239
69263
69291
69303
69308
69320
69323
69334
69338
69340
69366
69379
69384
69414
69417
69464
69464
69471
69483
69492
69504
69507
69516
69534
69536
69539
69543
69546
69550
69558
69569
69571
69579
69581
69592
69594
69609
69623
69634
69637
69638
69640
69661
69732
69747
69786
69789
69809
69834
69837
69851
69855
69880
69883
69892
69898
69908
69910
69921
69943
69944
69949
69953
69968
69973
69974
69975
69993
70008
70010
70019
70026
70026
70027
70029
70033
70039
70043
70067
70075
70079
70080
70086
70092
70093
70113
70115
70131
70134
70197
70201
70205
70232
70247
70252
70254
70266
70295
70295
70307
70310
70381
70383
70415
70419
70421
70442
70462
70475
70487
70488
70500
70500
70512
70518
70526
70526
70547
70587
70591
70592
70595
70609
70611
70618
70627
70634
70643
70648
70648
70665
70669
70688
70704
70706
70722
70743
70749
70754
70766
70766
70788
70796
70802
70820
70825
70833
70836
70865
70873
70884
70891
70892
70898
70902
70908
70917
70924
70937
70960
70962
70974
70982
70986
70989
70992
70998
71000
71001
71009
71011
71016
71024
71031
71040
71040
71045
71045
71056
71063
71071
71075
71081
71107
71117
71127
71147
71151
71167
71168
71177
71179
71233
71249
71264
71269
71272
71273
71277
71283
71287
71297
71306
71311
71315
71317
71327
71337
71345
71356
71375
71379
71383
71392
71398
71406
71409
71419
71423
71434
71448
71458
71462
71462
71464
71472
71472
71493
71515
71523
71524
71545
71546
71553
71555
71567
71574
71576
71577
71586
71612
71616
71649
71653
71674
71688
71717
71731
71754
71759
71767
71780
71794
71809
71820
71820
71821
71848
71849
71851
71852
71870
71871
71935
71960
71989
71992
71993
71998
72009
72015
72019
72022
72036
72039
72039
72056
72057
72063
72067
72085
72090
72098
72111
72129
72136
72143
72146
72155
72177
72183
72188
72201
72213
72217
72270
72279
72288
72296
72307
72339
72342
72352
72353
72369
72377
72377
72383
72384
72390
72394
72396
72435
72442
72454
72486
72510
72513
72513
72514
72533
72576
72578
72589
72593
72604
72617
72621
72623
72625
72625
72626
72627
72627
72645
72646
72651
72726
72738
72756
72768
72769
72778
72806
72822
72832
72851
72853
72864
72869
72893
72909
72912
72915
72915
72916
72938
72945
72949
72956
72958
72979
72980
72985
72989
72991
73019
73024
73028
73035
73043
73051
73060
73063
73078
73078
73080
73081
73105
73120
73124
73138
73139
73139
73165
73172
73212
73213
73220
73253
73273
73281
73325
73342
73348
73353
73354
73368
73369
73383
73391
73400
73419
73422
73422
73427
73429
73432
73450
73472
73473
73482
73490
73503
73523
73535
73537
73547
73549
73556
73557
73581
73594
73596
73616
73619
73622
73627
73631
73632
73640
73643
73643
73648
73648
73670
73674
73675
73678
73679
73683
73686
73688
73711
73713
73737
73741
73749
73772
73783
73796
73818
73822
73826
73836
73837
73839
73842
73869
73891
73901
73901
73907
73912
73915
73919
73921
73923
73930
73946
73949
73951
73958
74018
74023
74026
74036
74047
74066
74083
74100
74114
74116
74118
74121
74134
74142
74143
74144
74146
74148
74177
74177
74178
74182
74196
74211
74216
74249
74253
74261
74270
74274
74283
74291
74295
74295
74300
74325
74342
74346
74369
74372
74388
74389
74390
74392
74393
74393
74412
74421
74432
74438
74438
74447
74458
74459
74459
74471
74483
74493
74503
74521
74530
74532
74541
74545
74578
74585
74611
74620
74623
74635
74641
74645
74652
74663
74671
74674
74679
74681
74684
74685
74696
74701
74708
74722
74740
74746
74746
74759
74760
74766
74794
74818
74823
74828
74859
74921
74941
74944
74971
74980
74985
74994
74996
75015
75020
75047
75050
75066
75067
75085
75087
75087
75087
75087
75088
75120
75139
75142
75143
75156
75158
75161
75162
75164
75169
75169
75174
75178
75186
75208
75243
75244
75247
75277
75279
75279
75295
75299
75300
75306
75311
75334
75338
75345
75348
75353
75366
75367
75398
75398
75426
75448
75460
75466
75485
75486
75533
75535
75537
75541
75542
75545
75547
75564
75569
75577
75623
75625
75648
75650
75675
75678
75678
75681
75710
75712
75740
75743
75751
75752
75766
75768
75772
75774
75790
75791
75795
75803
75823
75852
75859
75873
75883
75885
75887
75894
75896
75896
75902
75903
75907
75909
75909
75915
75918
75935
75941
75942
75944
75955
75976
75997
76014
76014
76028
76036
76036
76037
76040
76044
76050
76055
76056
76056
76062
76069
76082
76111
76123
76130
76132
76147
76149
76157
76159
76166
76195
76204
76205
76226
76259
76281
76286
76289
76305
76321
76336
76367
76398
76406
76451
76451
76462
76473
76481
76500
76505
76512
76551
76559
76566
76591
76597
76603
76648
76662
76678
76698
76699
76704
76705
76718
76722
76734
76735
76736
76737
76766
76767
76775
76775
76777
76793
76816
76824
76824
76831
76831
76847
76862
76872
76878
76891
76897
76906
76910
76924
76929
76935
76958
76984
76992
77006
77047
77053
77062
77084
77094
77104
77109
77115
77135
77140
77146
77153
77163
77186
77187
77188
77201
77201
77213
77219
77243
77244
77248
77258
77265
77271
77276
77277
77279
77291
77353
77354
77355
77360
77370
77409
77410
77411
77422
77447
77450
77451
77459
77469
77486
77493
77493
77497
77500
77509
77517
77518
77529
77541
77550
77561
77562
77564
77575
77588
77591
77597
77605
77632
77638
77640
77657
77673
77683
77697
77745
77748
77752
77762
77764
77766
77776
77778
77788
77789
77791
77800
77806
77818
77840
77857
77866
77901
77913
77958
77977
77978
77984
78005
78028
78059
78075
78092
78115
78143
78147
78155
78157
78157
78161
78164
78171
78210
78213
78223
78227
78234
78247
78266
78267
78279
78289
78293
78296
78323
78333
78358
78366
78371
78407
78429
78432
78454
78462
78473
78477
78512
78534
78541
78551
78553
78555
78561
78566
78569
78584
78590
78595
78598
78602
78606
78621
78621
78629
78631
78631
78632
78638
78638
78643
78649
78649
78662
78668
78685
78701
78703
78714
78717
78726
78727
78734
78758
78774
78775
78784
78785
78788
78801
78813
78814
78815
78816
78825
78843
78863
78863
78870
78873
78874
78880
78886
78891
78895
78909
78911
78921
78936
78938
78964
78982
78989
78999
79001
79016
79030
79038
79045
79052
79058
79099
79099
79100
79119
79120
79123
79125
79137
79143
79154
79166
79174
79191
79194
79201
79205
79209
79214
79236
79240
79246
79250
79263
79269
79275
79284
79287
79292
79299
79302
79310
79323
79345
79347
79358
79358
79367
79402
79416
79455
79457
79464
79476
79480
79509
79516
79533
79543
79564
79565
79566
79580
79589
79594
79614
79639
79661
79684
79687
79689
79696
79700
79707
79709
79720
79734
79734
79737
79738
79750
79752
79772
79784
79804
79810
79822
79833
79852
79861
79866
79888
79896
79899
79900
79912
79923
79939
79945
79973
79974
79988
79992
79993
80000
80019
80050
80059
80059
80061
80067
80078
80121
80129
80144
80145
80145
80149
80165
80198
80202
80226
80226
80227
80228
80235
80238
80254
80254
80256
80269
80290
80304
80304
80304
80304
80307
80314
80334
80337
80359
80360
80365
80370
80388
80388
80398
80420
80505
80509
80511
80525
80564
80575
80576
80581
80583
80587
80600
80603
80615
80619
80620
80631
80639
80642
80654
80659
80662
80662
80669
80672
80673
80679
80719
80722
80726
80734
80752
80763
80769
80786
80789
80794
80806
80810
80811
80818
80832
80835
80839
80844
80851
80868
80893
80896
80900
80909
80920
80922
80927
80931
80961
80971
80975
80987
80987
80988
80993
81002
81036
81045
81050
81076
81090
81101
81105
81106
81107
81119
81119
81124
81124
81132
81143
81143
81147
81160
81167
81174
81226
81227
81267
81271
81279
81289
81320
81324
81337
81344
81353
81356
81358
81366
81386
81392
81394
81419
81420
81423
81437
81456
81457
81466
81474
81475
81487
81499
81500
81539
81539
81551
81553
81562
81568
81580
81608
81631
81638
81657
81704
81705
81719
81727
81747
81764
81775
81798
81809
81812
81820
81833
81839
81848
81851
81873
81880
81885
81886
81890
81896
81898
81900
81922
81932
81935
81938
81965
81966
81973
81974
81976
81980
81983
81988
82008
82010
82011
82019
82020
82024
82031
82041
82047
82058
82060
82077
82082
82088
82092
82102
82103
82114
82116
82118
82126
82143
82149
82172
82212
82218
82237
82250
82271
82290
82293
82307
82311
82311
82323
82333
82342
82350
82351
82359
82360
82378
82378
82387
82391
82401
82409
82421
82424
82430
82437
82444
82453
82479
82488
82492
82513
82517
82523
82524
82536
82539
82542
82542
82568
82580
82583
82596
82599
82602
82614
82632
82635
82639
82644
82667
82682
82683
82689
82694
82697
82703
82713
82718
82737
82743
82746
82764
82764
82765
82771
82778
82785
82797
82813
82820
82823
82826
82839
82850
82870
82884
82902
82915
82916
82923
82932
82934
82949
82962
82963
82963
82970
82973
83011
83029
83047
83057
83083
83087
83095
83119
83179
83185
83185
83221
83237
83256
83269
83300
83312
83337
83344
83345
83363
83376
83381
83381
83391
83405
83432
83469
83493
83523
83524
83526
83546
83548
83550
83551
83554
83556
83562
83577
83589
83589
83599
83620
83623
83636
83641
83644
83648
83661
83668
83680
83693
83699
83712
83718
83736
83783
83797
83829
83831
83835
83858
83868
83876
83883
83884
83886
83891
83904
83920
83923
83938
83965
83975
83975
83975
83980
83981
83988
83990
83990
84009
84057
84066
84073
84075
84098
84099
84108
84113
84117
84119
84126
84127
84130
84134
84138
84144
84150
84168
84170
84175
84187
84210
84219
84241
84246
84268
84272
84277
84284
84285
84291
84298
84301
84303
84318
84331
84340
84369
84390
84392
84403
84406
84422
84435
84443
84443
84448
84473
84503
84532
84534
84538
84557
84599
84604
84604
84605
84606
84611
84612
84612
84622
84623
84626
84650
84690
84705
84728
84746
84753
84760
84769
84790
84796
84813
84823
84844
84854
84860
84873
84874
84877
84886
84889
84904
84906
84923
84933
84951
84952
84961
84963
84981
85018
85022
85026
85044
85047
85072
85073
85073
85079
85079
85083
85091
85098
85113
85121
85122
85141
85145
85186
85219
85219
85220
85225
85231
85250
85259
85259
85261
85288
85299
85317
85321
85322
85328
85332
85333
85337
85338
85344
85350
85352
85365
85377
85379
85387
85410
85417
85435
85438
85445
85453
85464
85475
85479
85494
85508
85519
85529
85538
85553
85554
85565
85576
85594
85595
85613
85615
85616
85628
85635
85636
85642
85650
85653
85653
85654
85655
85673
85679
85681
85686
85696
85698
85719
85720
85732
85739
85742
85745
85747
85747
85750
85779
85789
85820
85828
85838
85843
85846
85853
85860
85881
85883
85970
85977
85981
85997
86010
86020
86030
86030
86048
86077
86078
86082
86099
86106
86109
86109
86111
86120
86121
86123
86147
86148
86150
86171
86175
86185
86193
86228
86234
86238
86239
86247
86252
86266
86267
86281
86294
86295
86296
86297
86300
86302
86303
86305
86310
86343
86348
86360
86361
86384
86401
86411
86414
86428
86436
86436
86443
86468
86472
86486
86492
86494
86518
86537
86539
86552
86552
86557
86563
86569
86583
86584
86589
86595
86603
86616
86623
86643
86644
86671
86675
86700
86705
86705
86708
86717
86721
86725
86725
86751
86775
86779
86779
86786
86796
86808
86813
86821
86822
86825
86848
86854
86873
86880
86886
86891
86912
86912
86923
86946
86948
86961
86961
86966
86972
86977
87021
87035
87042
87077
87087
87092
87098
87137
87139
87145
87154
87154
87155
87163
87165
87169
87187
87188
87188
87219
87230
87230
87253
87254
87255
87259
87263
87270
87272
87286
87288
87307
87321
87369
87381
87388
87398
87404
87412
87412
87425
87434
87448
87473
87478
87507
87509
87511
87513
87522
87526
87530
87533
87537
87597
87628
87650
87664
87684
87684
87687
87695
87705
87708
87715
87720
87722
87738
87743
87762
87798
87801
87801
87823
87844
87853
87853
87857
87879
87884
87897
87897
87898
87904
87911
87914
87915
87923
87940
87957
87962
88012
88034
88043
88051
88053
88059
88115
88116
88127
88127
88150
88157
88183
88194
88200
88202
88203
88230
88233
88264
88265
88270
88282
88282
88283
88290
88291
88293
88296
88305
88310
88313
88322
88335
88348
88348
88358
88358
88370
88371
88375
88384
88386
88387
88409
88411
88411
88417
88421
88421
88422
88427
88437
88440
88466
88503
88505
88516
88569
88605
88606
88619
88633
88644
88656
88672
88685
88694
88700
88707
88731
88746
88750
88768
88779
88797
88807
88816
88819
88841
88850
88857
88899
88921
88923
88941
88962
89037
89051
89053
89055
89073
89077
89078
89081
89086
89090
89094
89096
89115
89116
89129
89150
89152
89158
89188
89191
89197
89202
89212
89218
89244
89247
89263
89264
89267
89267
89270
89289
89289
89297
89314
89318
89320
89336
89352
89361
89362
89378
89389
89393
89402
89407
89407
89412
89426
89433
89445
89447
89448
89450
89464
89464
89483
89494
89509
89511
89523
89542
89563
89568
89569
89586
89604
89627
89635
89641
89641
89657
89659
89660
89662
89674
89679
89694
89722
89732
89732
89738
89738
89753
89761
89781
89782
89795
89821
89830
89837
89840
89868
89870
89891
89911
89927
89933
89933
89943
89946
89954
89955
89974
89978
90005
90018
90022
90027
90032
90035
90042
90043
90052
90057
90058
90064
90082
90084
90111
90121
90137
90145
90151
90153
90155
90160
90171
90206
90213
90215
90230
90233
90277
90278
90280
90299
90304
90308
90317
90325
90330
90350
90370
90370
90381
90383
90385
90397
90401
90402
90421
90427
90434
90443
90445
90480
90481
90495
90554
90556
90558
90566
90569
90571
90585
90621
90631
90646
90658
90671
90675
90700
90702
90722
90741
90742
90747
90758
90780
90789
90792
90798
90806
90815
90816
90831
90839
90843
90843
90843
90861
90867
90870
90887
90903
90910
90931
90951
90959
90983
90984
90986
90989
90999
91000
91000
91010
91038
91040
91041
91047
91064
91070
91073
91078
91104
91109
91121
91136
91150
91163
91180
91202
91214
91228
91235
91239
91252
91254
91273
91277
91309
91314
91334
91345
91349
91352
91361
91365
91373
91383
91384
91386
91398
91404
91425
91430
91432
91436
91449
91453
91477
91485
91487
91495
91511
91516
91517
91544
91567
91571
91580
91586
91611
91658
91659
91680
91696
91716
91718
91725
91753
91798
91825
91831
91832
91837
91849
91865
91880
91880
91887
91891
91901
91902
91903
91911
91911
91913
91919
91924
91932
91935
91938
91949
91960
91965
91988
91999
92021
92024
92026
92034
92046
92071
92081
92104
92106
92119
92122
92129
92147
92153
92156
92163
92165
92173
92183
92186
92202
92220
92222
92243
92259
92264
92269
92272
92280
92284
92291
92304
92306
92316
92330
92331
92360
92363
92365
92368
92369
92380
92403
92412
92435
92449
92508
92516
92518
92521
92532
92542
92554
92562
92563
92570
92579
92580
92591
92596
92605
92610
92626
92627
92641
92649
92669
92706
92712
92724
92750
92763
92790
92806
92815
92818
92824
92832
92833
92842
92849
92874
92890
92911
92937
92938
92940
92953
92955
92965
92990
92993
93001
93008
93036
93062
93067
93080
93082
93085
93100
93118
93128
93136
93179
93221
93227
93228
93239
93259
93280
93284
93289
93299
93300
93305
93314
93351
93381
93383
93398
93402
93407
93430
93462
93471
93480
93500
93501
93509
93514
93547
93555
93562
93564
93565
93615
93631
93640
93645
93649
93660
93661
93664
93672
93675
93706
93707
93731
93756
93784
93837
93850
93852
93856
93861
93874
93886
93915
93936
93968
93970
93977
93990
93991
94028
94036
94067
94067
94078
94092
94101
94119
94119
94120
94122
94129
94138
94143
94144
94144
94146
94164
94171
94190
94190
94198
94217
94219
94230
94232
94269
94277
94298
94300
94305
94307
94313
94313
94314
94321
94331
94333
94335
94345
94350
94355
94358
94406
94428
94438
94460
94484
94484
94490
94492
94492
94499
94521
94537
94540
94541
94543
94558
94560
94561
94580
94592
94594
94598
94601
94613
94613
94615
94619
94633
94641
94644
94645
94648
94666
94675
94693
94694
94712
94728
94731
94738
94741
94754
94765
94780
94790
94791
94802
94812
94855
94856
94867
94877
94888
94890
94910
94924
94925
94932
94935
94936
94939
94945
94946
94951
94955
94955
94962
94985
95006
95024
95030
95038
95041
95043
95052
95090
95094
95094
95123
95134
95144
95146
95149
95160
95164
95165
95169
95169
95171
95173
95177
95192
95193
95194
95196
95216
95216
95221
95223
95241
95253
95267
95273
95276
95282
95283
95317
95333
95340
95349
95362
95362
95362
95370
95381
95393
95394
95399
95402
95414
95416
95419
95421
95422
95438
95442
95447
95449
95452
95457
95468
95508
95532
95550
95566
95569
95573
95602
95603
95620
95639
95640
95644
95647
95658
95661
95663
95670
95674
95678
95682
95687
95689
95705
95718
95752
95755
95772
95784
95798
95801
95808
95814
95815
95819
95826
95827
95830
95832
95844
95850
95854
95895
95905
95942
95945
95945
95972
95983
95994
96000
96001
96002
96008
96010
96016
96017
96030
96038
96044
96045
96051
96053
96060
96068
96078
96083
96091
96101
96101
96107
96111
96126
96129
96132
96145
96149
96157
96164
96170
96174
96175
96181
96188
96192
96209
96214
96224
96255
96257
96260
96260
96265
96284
96294
96298
96300
96318
96330
96350
96356
96369
96378
96379
96395
96396
96407
96415
96416
96419
96421
96432
96456
96458
96460
96465
96489
96498
96500
96504
96540
96545
96546
96555
96559
96567
96574
96576
96582
96596
96633
96634
96635
96647
96665
96669
96714
96716
96723
96748
96748
96760
96763
96767
96768
96802
96826
96850
96852
96856
96872
96889
96894
96895
96910
96968
96971
96983
96998
97011
97012
97016
97023
97036
97044
97072
97094
97109
97116
97119
97120
97130
97134
97140
97148
97154
97162
97174
97175
97177
97183
97204
97218
97228
97237
97248
97254
97303
97312
97312
97314
97314
97342
97378
97397
97415
97466
97475
97480
97482
97493
97493
97497
97522
97531
97545
97546
97556
97560
97562
97566
97589
97598
97604
97609
97609
97634
97649
97657
97667
97686
97692
97711
97727
97785
97794
97823
97832
97833
97851
97856
97857
97885
97906
97929
97948
97954
97957
97973
98007
98012
98013
98022
98023
98023
98029
98038
98041
98055
98056
98059
98074
98074
98083
98084
98091
98112
98118
98163
98169
98174
98175
98180
98189
98193
98205
98208
98224
98228
98249
98267
98270
98270
98274
98275
98295
98318
98330
98343
98343
98349
98369
98377
98385
98402
98406
98410
98411
98416
98423
98438
98445
98446
98467
98470
98482
98486
98524
98525
98561
98565
98598
98603
98617
98622
98627
98629
98642
98651
98653
98663
98666
98671
98676
98678
98682
98687
98691
98710
98711
98722
98728
98735
98748
98752
98772
98809
98813
98814
98818
98822
98836
98839
98847
98862
98863
98867
98880
98921
98935
98942
98946
98967
98974
98977
98983
98983
98994
98997
99009
99016
99031
99035
99054
99062
99082
99114
99115
99118
99121
99124
99126
99130
99138
99150
99176
99200
99201
99208
99229
99249
99257
99265
99273
99279
99296
99296
99298
99308
99311
99341
99344
99369
99371
99377
99382
99383
99402
99404
99417
99430
99434
99451
99465
99466
99473
99480
99482
99494
99495
99498
99510
99510
99513
99523
99532
99546
99549
99559
99575
99592
99616
99643
99653
99654
99686
99688
99690
99696
99706
99713
99730
99762
99769
99771
99772
99784
99802
99807
99810
99835
99840
99848
99871
99871
99873
99884
99891
99895
99901
99911
99911
99926
99931
99934
99943
99943
99949
99967
99970
99974
