1503
319
4997
1324
4419
3053
1672
2443
3114
481
2870
107
3343
2333
4626
1384
2863
1220
4992
89
1926
1357
3484
4563
1080
3506
4136
2627
4472
3307
3147
1849
848
2014
764
2512
1670
4948
2763
1608
2577
1568
1108
40
4506
760
3531
2626
2782
1886
4011
1761
2299
1890
2551
3807
664
1200
2881
4064
1181
425
1751
2729
277
4696
3256
1946
1558
4661
3843
2758
1097
3499
4871
76
3893
2184
4404
1667
3648
3674
3660
115
1595
4361
587
388
963
4022
2668
3868
2360
722
3386
2404
1175
2193
2747
4635
2607
1611
3073
156
3822
4284
669
1564
4832
1644
2711
1278
3134
468
396
1081
2044
4838
2408
4880
1356
3987
2076
80
2178
3978
4204
1719
877
3034
1727
4153
3942
487
4593
4280
2482
3832
1127
635
1460
1298
3233
4913
3058
806
4021
4868
4516
4483
2123
2276
3961
3370
1269
2315
4322
4386
3664
1422
3245
4909
1784
1896
4573
3465
4316
1813
2088
1070
2670
2890
471
4942
3137
4455
4242
3280
187
1236
2203
4434
878
2677
4865
4733
2446
68
249
3561
1619
2268
2031
3083
3160
4220
1197
4910
256
1508
1897
3507
3663
840
356
1776
1364
2727
518
4214
1237
4226
2056
172
4206
2037
4700
1252
2264
2505
3482
3898
1755
4950
1267
4083
1858
189
3849
2719
3023
3032
771
2463
2053
1891
4380
4598
755
4834
3172
2138
2200
1161
2887
1125
1504
2704
486
4820
3905
4725
330
2102
2349
1126
908
3642
1860
1754
4987
2117
2422
2216
3574
642
1194
594
1720
2966
2953
1234
804
2971
3251
2475
683
4447
3138
3211
1738
2090
4399
4235
2767
4688
3853
530
2229
902
1373
952
3515
1204
2131
3149
2245
4150
836
3457
4477
4024
1765
4629
2831
2390
2989
4554
3364
176
1552
4030
689
662
1630
16
2776
2569
3644
4962
845
3809
1291
3057
2590
2755
2501
2115
4388
2554
3940
2990
1118
851
3533
2425
3766
3104
436
3522
2209
2267
4262
3611
3608
745
3758
801
2083
2850
370
4336
4166
1441
1075
4547
3656
3215
3315
4113
275
3388
4240
1737
4538
2856
1018
4703
676
139
2407
3158
2829
668
3179
2513
790
4448
1366
4513
3254
2931
1883
1989
1499
4324
4466
127
970
2366
1516
4524
2383
941
961
4991
3409
4177
74
56
1442
170
1691
555
490
3334
1224
4508
4396
4221
3077
1146
3142
1624
531
2367
3269
3235
1359
4368
533
938
2236
1743
4685
2297
3831
3864
4970
2118
1956
506
441
1248
2528
4274
3688
3513
4028
2158
169
2809
1151
1313
413
4914
3652
2918
1461
3117
3796
27
611
608
2775
3840
1001
4110
986
2810
1639
3398
3861
1019
779
3580
799
415
58
339
2915
1991
880
4009
1116
1934
4468
4077
721
3525
2327
761
2460
723
2561
2780
483
4099
4932
1119
544
2214
171
4319
2694
3223
2180
1622
1056
2462
3473
2899
3148
1643
1730
1208
1852
4300
2557
3792
3472
2374
410
3786
4496
4993
4116
3123
4850
829
195
4171
4628
2248
2396
4594
2616
3933
2992
2933
2772
4437
3035
4523
2166
2586
2506
3735
3951
70
4612
4289
2306
815
1773
4036
1932
3265
3731
2656
3118
4639
4810
758
3743
619
2964
867
3424
4752
4109
3962
1328
4886
4377
3524
2298
198
1167
1011
2949
3913
244
2545
4881
3573
2139
714
2884
2442
913
835
4474
1003
3968
2340
1041
1714
897
3164
2605
4238
1771
4001
2907
2726
866
8
2134
227
2530
1483
978
125
2654
734
4744
1809
4076
2225
3578
3767
46
3535
1297
124
4827
62
9
871
621
4570
2042
3974
3984
2136
2917
3314
3750
4856
4253
1893
2266
1014
2143
4117
1960
2519
2979
4427
3932
2574
3879
2455
3582
3819
1505
4882
4721
2995
3232
2955
4873
2281
4302
230
833
193
864
4502
3051
1954
3090
1535
3050
1265
3776
1227
2145
3012
4807
4227
1857
4066
2787
248
2852
2348
3041
1905
3553
967
3665
3100
2673
4376
3769
4306
2015
3569
1710
3126
4607
4774
327
2179
3724
4406
4715
1406
2186
4621
4532
2725
4823
2983
2372
2761
907
1990
1296
3028
4314
4601
4762
3294
1035
469
1391
2142
3052
4526
1002
1439
4862
2629
3989
1674
4493
980
472
4608
3813
4445
4504
1228
2243
2781
1354
4364
113
3333
3277
2671
2254
146
4230
3790
4969
3634
4005
780
942
2999
1343
2137
4631
2332
577
3729
2732
3331
4986
1350
392
2439
1165
26
2474
1489
1820
4145
3543
1928
4835
2647
4951
4111
4233
3106
1393
2468
1059
3680
3858
92
1874
2224
1206
712
4082
505
647
409
1968
3603
4241
2110
4840
3056
3154
709
784
892
4068
2169
341
3693
630
3860
521
886
912
4318
4107
143
458
3069
1476
1600
4877
2114
1868
4874
216
4854
126
4081
3982
1184
701
1431
4456
2596
2437
1376
3153
2613
966
1853
3450
1342
2061
2453
44
324
2575
4978
4266
3803
4003
3554
59
203
3678
2197
2827
4354
3478
3200
1362
179
2125
4471
2273
3412
1361
4778
920
756
3192
4581
2233
4659
2738
4982
4123
304
1965
3966
4438
2666
4624
1912
4754
2277
3432
3376
375
3430
404
3171
342
3851
3289
2405
3122
2217
2251
3557
4372
1055
4782
2147
3958
3133
580
4244
3996
2246
625
1681
3214
605
1085
3475
2051
1514
4757
2386
823
3182
824
1106
1022
1982
2941
4720
646
3700
1225
2546
359
2384
1827
4517
636
847
4355
1388
1707
3220
1113
2768
4649
1319
151
2549
4209
3636
2047
2815
949
3330
1795
2334
241
2868
128
2416
400
520
2913
3616
716
2816
2208
2395
1829
1832
4216
3177
934
3080
184
2871
4837
3288
453
2861
2502
1578
1985
2754
4062
1473
93
2487
1822
3199
1058
3657
4259
628
1465
3157
2368
3956
1676
2705
513
698
4852
4179
3151
2806
2387
17
95
226
1657
3247
644
1513
3107
2645
1238
4491
940
2924
1044
4103
2461
316
208
1554
3556
839
2919
1371
2576
680
1209
1921
4855
2803
2720
2109
196
2504
2132
4089
4929
1762
3359
4157
803
2587
3949
4505
2301
167
1072
3255
1895
2489
1953
2977
2644
398
2789
3826
3037
1635
2912
2471
199
3742
3873
3818
1370
2153
54
177
4539
123
1015
183
1412
371
4317
2101
368
4156
3589
1942
2496
1665
1466
4366
3489
240
1577
3021
808
3444
4461
4407
4184
3500
4421
955
1546
1801
2602
2002
3928
4726
679
1419
3194
526
3717
2441
215
4057
2676
876
4379
3005
3101
414
4853
2843
1878
4304
4896
731
3802
3273
2304
3227
3593
1838
3191
1931
1028
3610
2611
1509
661
3491
849
110
2582
4756
1407
2681
4197
2988
3361
1339
2052
1226
2032
1925
4537
881
4985
3391
3967
2336
1416
3431
789
2889
2432
379
4660
1843
4403
4033
4442
3986
1740
4213
4530
2736
996
3577
2909
4026
1560
2926
3587
507
2074
4263
1688
4811
2065
4004
3352
2094
3173
4332
2963
1966
770
1732
4605
2651
1470
1273
3229
3072
558
18
2938
3564
2749
4828
207
2120
2307
1000
3885
1914
1353
434
4974
4666
267
4643
2057
3830
1899
3162
1916
4799
1429
376
2097
2454
3358
3070
1277
965
4269
1705
1444
3963
2375
2492
2838
2154
86
694
1054
2568
4553
3363
335
457
3456
4387
3757
1021
4535
150
4789
2411
219
4742
470
4292
372
3707
3675
794
2674
2087
1308
1701
1348
4883
2622
1566
1479
3325
553
4534
389
3013
4465
104
2892
3439
2756
161
4683
4170
4739
1900
1497
3779
3132
3701
4357
782
1212
3312
2978
1976
551
1243
3643
1325
474
4478
2479
4356
273
2313
2286
41
1424
1232
1153
4890
2914
730
4830
2735
1760
4254
1301
1493
3621
4031
175
3209
4267
1741
201
2791
2263
765
4243
3748
1786
1390
4786
645
2669
2456
3067
2833
3586
2713
2312
3159
2135
111
1616
529
57
1742
2525
3466
2365
2874
4775
3427
3297
766
4680
3716
614
631
332
2359
2935
825
4375
4067
4897
3337
3369
3999
144
1562
355
222
4687
3970
3821
206
4798
2797
3043
2316
2219
2041
862
4679
1199
1528
3508
416
2517
4557
926
3205
3601
1467
3797
1823
2570
1320
4616
656
2402
525
2397
2140
616
1299
4805
1187
4365
1005
2878
2388
164
3186
4961
4983
3696
1872
1185
2932
1399
4249
3965
42
3258
3226
3836
1617
4759
4930
1962
2445
4940
1495
797
3079
1057
2212
3304
4964
67
4839
103
4625
2346
693
4467
4484
65
3870
377
4210
1437
4825
4603
3720
4451
1210
428
4533
3404
2879
365
2009
1821
1759
4052
1427
1405
4135
3292
2237
4946
108
141
4374
3875
943
2857
665
1171
2876
2514
3746
909
4367
34
1664
3655
4325
2189
2438
2148
210
157
2597
747
2567
4602
1490
280
1544
1549
2873
449
4205
53
2220
2812
2975
1511
2096
2566
994
640
1246
4876
4479
2004
2163
3027
3290
3617
3548
1826
3481
1107
4885
435
4048
3420
837
1368
1289
2893
4861
874
1352
467
2085
3207
2457
4971
1993
5
1180
2682
3929
1434
900
4056
3544
2965
1259
307
3371
297
4994
4199
1626
2594
583
3927
1148
4740
1876
4672
1016
69
4634
2021
403
4017
2081
2398
4165
3755
3322
493
546
1189
1487
4578
1372
3046
399
3877
4642
2204
211
1263
3042
2824
1799
3973
3612
2470
3075
3244
4080
1952
2529
1186
514
447
4044
250
3339
2773
2068
757
3434
1027
3088
853
259
2339
2406
1007
4250
4804
2399
2048
1649
2202
4139
3130
1067
2633
4841
1970
890
3081
2023
2265
1132
2631
4663
4189
331
4975
2598
3924
109
1256
4690
1086
826
4412
4192
2691
2112
3503
4384
4677
88
3397
3778
3055
1791
982
4937
194
2790
3671
3202
2925
4738
3714
989
55
552
2486
4351
1076
305
3383
258
3394
2888
795
2904
4320
3351
1326
4638
1450
1347
2079
4158
579
2095
2151
652
4208
3224
401
4571
3400
2660
4664
1922
1147
4755
4543
937
2270
2077
3904
4148
3317
3740
153
3063
296
344
1485
3440
2664
4653
1831
231
1971
3592
4630
234
2226
4977
1543
704
1140
540
4106
2709
4228
2033
3387
3047
4063
4201
4019
282
3903
3855
2362
4102
4979
382
3566
213
24
700
3620
3
1017
554
673
4655
4714
2968
1746
2697
1711
4891
4138
1411
3567
2289
3303
1124
3938
4781
4409
1894
2253
386
2908
2744
2952
2699
456
1375
3357
4958
1283
3401
101
1512
3568
3808
3599
4054
2003
2635
4006
3783
4436
2228
4174
3470
914
205
1854
2192
4198
1169
2357
3413
812
643
4826
2558
3559
1690
873
4327
1327
2201
3344
1977
3552
3815
4791
4984
357
4750
1104
2038
3455
2832
393
3891
4260
1686
1768
4328
1290
4618
2750
4943
821
1262
4567
2232
2522
985
2531
4439
2875
3865
3045
565
817
223
972
4711
813
4864
1335
160
4095
2275
4137
1223
1255
2940
3144
2825
1653
98
681
292
4363
1295
4668
3514
1696
3679
1264
4405
4556
2409
4924
3529
20
63
2314
4029
4646
3585
473
2127
568
918
75
4846
1287
2834
1288
3282
2748
4911
84
239
4326
4597
2343
1219
3246
1835
4053
3468
4761
2700
1885
3084
155
4450
4463
1128
1233
1997
1726
532
870
1588
1038
1744
3835
2342
3156
429
4258
1065
4362
2240
4020
2049
2974
1178
4432
4041
383
951
3356
637
3140
3367
454
975
707
1565
3954
1449
1716
2683
895
2103
3217
2547
4128
3760
489
2795
2393
3534
1537
1157
433
3329
687
3002
448
1919
2278
4934
3753
4279
3764
3597
284
1162
2067
247
4334
3502
3862
214
1137
1421
776
4722
1082
1703
2976
2282
768
1527
2361
2210
3791
711
1933
3992
4551
19
4859
3261
535
2075
589
3546
1533
2589
1215
3206
1174
4093
4341
1861
2655
503
971
3702
2759
4130
4299
3686
4692
1383
3278
3623
1094
3407
1062
753
818
426
4869
1536
3022
2091
4124
1642
1545
802
1950
1749
2485
4708
1804
4795
2012
879
4760
2853
1050
3448
430
2035
1192
1501
2710
1096
2653
2637
2017
465
1818
2063
2039
2252
3446
4730
749
251
3295
4936
4071
4482
3185
4045
3627
1888
1958
622
2962
2121
4592
3411
1363
3736
4002
4935
641
3268
2813
1317
1033
2891
4345
4161
358
1211
2846
3218
1275
4596
3225
3640
1792
1662
3176
2867
3798
4609
855
2751
1694
810
1561
3711
4658
1920
1972
1748
4938
3771
4126
2363
2836
3458
4200
968
2466
1334
3975
1036
4764
4519
4248
1980
4429
2426
1250
105
439
1477
1790
4875
4190
1331
1808
787
4422
979
1592
2877
2244
741
1683
3275
602
798
4025
785
1306
4990
2934
2788
2937
1453
2728
3253
3709
4521
4473
1879
4824
228
4851
1609
1656
2742
1103
1133
1685
78
651
4813
4389
1817
846
607
3178
363
232
1026
4091
1767
872
3393
2969
4860
3520
2920
2770
2678
1576
3419
4921
3687
3976
4276
2860
991
3279
3477
3590
1539
3661
1684
2643
100
4591
3712
1669
1723
4863
2518
3127
2786
3089
517
2006
3785
4112
2632
1996
4809
1692
3782
2520
728
3646
2532
627
1909
237
4656
1381
1088
1089
2464
3594
1338
1397
4065
4273
1724
1695
2708
2746
572
3007
2303
1947
4391
4176
4261
2628
4617
1661
2284
504
272
2987
1064
3880
1310
2162
3267
4892
1814
4931
772
4425
2205
3183
4574
562
1603
585
328
1063
3886
174
1247
3453
1908
1426
3318
4650
3040
4394
4780
4225
1604
3092
1675
3780
4555
3204
827
4670
455
369
4115
685
3922
3706
2394
3467
353
2262
1699
3243
4586
39
566
3804
3915
1725
560
4415
2690
3373
154
1538
1302
4814
4926
1923
3694
142
4771
3066
3437
3744
3628
2020
1680
1195
2959
2885
3838
3479
77
1889
2187
3310
3921
4678
2259
3784
4667
3181
4724
2982
3658
2358
2105
1978
4949
3654
915
4185
1170
3972
1848
302
1789
1261
2687
3710
612
4518
2494
2580
4084
2814
1999
1594
2946
4549
2799
197
1196
3946
3496
1136
2721
1316
1029
4180
2066
3703
3392
4118
350
4796
2355
632
1777
2160
1713
387
1798
921
3511
446
252
1634
333
3354
670
3036
3360
4443
1172
2945
742
4640
3311
4070
162
4397
2534
2319
3082
2064
987
1494
166
842
2703
2961
1582
2745
262
3918
38
4610
4657
2510
3516
4369
3519
4857
3447
362
1207
3667
3867
519
3609
2144
2958
4836
2734
2927
2865
2452
158
4645
2302
4072
1281
1448
147
3396
420
2542
2565
3995
3460
1986
3930
3313
3129
629
45
819
3866
1048
2353
783
3422
4802
2903
1747
997
212
2981
354
1618
2218
3362
2370
4278
569
4202
4787
2106
1463
3699
820
3116
3762
3575
1068
2022
4073
4933
3212
1093
4527
1179
3064
120
4133
4256
2172
1924
71
4698
3291
576
4010
4599
1006
4888
3683
2553
2845
4500
1216
957
4901
2150
1114
1844
1550
4167
4131
739
33
4296
3061
666
4736
1917
329
3659
3098
4746
4373
3155
3443
2377
2369
2043
2794
461
3417
2544
4686
3105
2818
4142
3745
550
4675
3629
4803
2880
2830
4507
4588
2657
537
2024
3166
2045
4169
1071
4498
1948
2321
191
2997
2916
3161
3399
1892
2851
613
217
1244
340
1468
1314
1294
1783
690
4895
4454
1731
4829
3892
3584
2028
1322
238
313
4689
3591
4849
3692
2743
3274
4486
947
4822
1433
1575
3418
2792
1870
1959
1584
2507
4055
2444
3908
2129
1812
4611
3068
807
843
935
2261
1077
3366
4444
4272
4353
4514
4525
522
887
1475
718
4098
3943
4310
3113
289
3827
2524
860
200
3059
3756
3197
4181
4222
345
674
2308
3625
3121
1599
4501
992
1190
2894
3705
4976
3637
1098
4282
3493
14
1053
3145
672
2287
1523
954
515
595
1846
1115
1009
2901
2400
3026
2564
2936
3406
2563
1425
442
682
3726
816
4013
2337
4428
3441
1587
4577
2648
3907
4101
1374
3175
3249
1231
2421
1315
260
1687
2433
366
3017
2078
4497
4927
850
2420
2292
2269
394
1486
2476
2124
367
1515
769
4674
1693
1625
2769
4097
1403
37
2811
4264
2706
3168
1369
4858
1945
1880
348
3340
3196
3613
4154
2239
2249
1457
3015
321
1559
4907
2221
48
190
4203
3454
4050
3438
218
4536
119
1833
1300
1803
1520
2620
891
4749
2427
488
3372
875
6
1030
3682
2419
2872
2960
3630
4183
2617
476
4712
4423
3722
624
600
4673
1268
4346
2911
2329
3615
3287
3272
3676
1936
2777
4713
1633
536
729
4569
496
1474
4684
1285
4583
4831
1484
4303
1095
1138
1318
4784
2149
1043
959
4402
1122
492
2717
2603
1689
3336
2069
4196
1907
3342
524
584
3222
2288
2450
2686
315
3095
3326
2373
775
418
4654
858
4231
4
778
298
21
1940
3888
4681
710
2679
2483
2641
4520
3787
3964
3510
1979
2712
1629
4870
1542
4400
4331
3497
2785
1847
1974
2428
279
4321
1708
1414
4716
777
411
4218
2571
4515
395
3474
3941
1677
4144
1251
4143
1454
3266
2804
4338
440
2046
1274
475
3542
4401
3801
1408
3985
3774
3001
786
87
1358
3494
4323
715
2122
3435
1556
852
405
32
2084
1593
1445
310
1532
2766
2082
3131
590
2330
4255
2279
3242
4800
2191
4449
1083
2848
4965
2070
3923
4731
1557
1344
4476
648
3824
3945
4234
3048
3347
2753
4229
3019
4195
233
4012
3718
1436
3728
1156
3526
1859
3486
3859
2930
4090
3410
4046
3518
705
3350
1571
882
4129
571
99
1102
1840
3452
960
3433
149
1188
599
809
3899
3471
1598
2473
1841
2869
713
140
3248
945
1671
4105
479
4894
4313
2389
697
2521
1012
1112
3509
2650
2072
4469
178
1440
51
1168
3550
1101
1935
4710
805
4007
3979
3000
1869
2944
2951
977
528
4734
1668
3810
3102
1811
3588
2841
3309
445
4899
4309
1305
3834
2993
4172
323
2623
4418
381
1432
3296
4922
1458
2100
1729
922
129
4758
736
11
3426
2447
3896
2599
460
2458
3324
351
3673
1873
13
1957
1491
4470
657
3607
378
1139
3882
3146
4843
1583
1110
4417
1496
1521
286
3110
796
1145
1698
4956
2247
1621
3596
1915
4769
1753
3384
4311
3375
3881
4585
1280
72
4565
1758
152
2707
1877
1481
385
4224
3421
1166
4920
2347
1355
4191
1013
4998
4078
2764
4211
3302
4604
2898
3305
1766
2724
1555
3044
4697
2305
2658
4790
2980
364
2897
2086
1828
3240
1961
1254
4584
309
220
4818
2157
4623
2731
1810
1253
1591
3221
2258
3619
3837
4900
412
3365
738
3382
1902
1995
3150
2583
3480
2060
3429
2356
4550
3259
4043
4330
1451
1636
3917
2858
4705
4173
1292
2128
2928
4440
3188
1160
725
1807
2199
1333
1601
209
2839
2207
549
3747
3271
1447
2954
2723
3152
3120
4305
500
3900
3476
4457
1951
1975
4792
1074
667
743
2760
1589
3638
4141
1734
1904
3650
4766
3415
3203
2011
2805
3991
2133
3789
2488
2923
1230
1529
4286
4812
1881
477
347
1042
3062
4541
1623
2718
1964
494
1379
4847
4866
2634
4446
3190
4770
4038
3645
3327
3299
4459
3490
4595
4312
3442
407
145
4343
3301
2737
2609
3091
717
2459
3871
3773
4981
609
3306
1471
2757
2440
925
2698
346
2318
3298
1164
3562
3547
3010
1778
2403
2536
116
1087
2323
3461
3405
2624
4215
617
2345
4426
2467
4966
3219
4410
3737
3390
391
4016
2181
3283
480
3581
2947
3004
3469
2685
281
301
791
4163
4188
4381
1351
905
2257
1049
4219
10
463
793
3111
2223
623
2036
498
4481
2560
50
1218
1307
466
4420
338
575
4606
2026
4706
863
1834
29
4735
2309
3725
3639
3112
1336
2159
423
1304
1797
3338
271
2423
2886
1927
841
688
2572
832
1321
349
2324
4620
4879
2430
1023
3049
1396
1856
1620
3614
4579
1570
2417
3857
3555
1202
538
570
2146
1581
1109
2842
3006
933
3980
888
1645
3732
4904
3250
4833
2808
686
91
773
4277
3631
976
556
4308
4340
597
509
4806
2271
1898
4995
185
2652
1235
4424
1903
4867
4295
2126
3565
4287
1135
3727
593
1418
3800
4223
2994
1099
4728
243
923
857
3416
2167
3483
352
1631
4475
417
1862
3846
547
317
3990
4285
3020
4382
4959
2272
4032
1518
3925
3071
4801
746
1973
4727
2515
3721
767
60
2371
1901
2156
1614
4275
2972
3799
4808
4636
4207
1637
2588
2382
3847
3485
4453
3635
1519
4159
3572
931
4917
2295
4548
3935
2499
1100
4587
12
2608
1851
4817
3085
2412
1756
2548
4217
4462
2503
1735
1066
261
2234
4051
1047
3065
2610
3530
4682
269
903
1069
2242
188
1010
4245
4947
2040
3730
4529
1221
574
3914
1051
2573
464
2341
2071
527
3264
96
2541
3545
2335
2950
822
3505
4034
2354
1757
1330
424
1785
4546
2089
4301
999
2688
2328
374
2625
4464
1349
2662
4086
3125
1271
649
3321
1825
186
3263
3944
3402
1606
3103
4290
4088
4957
1607
2326
4433
3856
4561
3854
4079
4819
3626
578
4566
854
2550
508
3109
3820
4147
1967
557
3952
3167
3425
1612
30
4087
4337
325
2615
3234
3817
1715
4671
3538
133
3345
2274
4335
3008
3300
1154
4768
993
3816
2973
1666
750
3969
988
1387
2765
1105
1438
1111
1772
4104
2378
3353
4383
1733
4676
1245
2895
2906
3570
3863
3039
419
3633
421
1131
1981
1586
1091
1780
384
3381
1150
1377
3011
3912
90
320
2774
3281
1842
3752
2555
2696
4751
4411
4743
2740
3759
2659
288
3537
3284
3602
1143
4342
2029
4503
3828
3733
601
3252
4307
3971
659
4644
3074
1240
3788
1506
2195
1258
3953
2715
1380
501
2593
1850
221
4600
1764
1910
3551
4015
1177
4718
1309
2921
2695
2798
4460
2478
1522
4589
1241
1839
1548
397
1340
4916
1875
3536
3096
744
1867
3895
928
774
1906
559
1346
2250
724
4785
4898
1855
4247
2793
3981
3910
1517
253
4944
3997
3541
2585
182
1590
1944
1949
2010
1679
2847
3579
2364
2939
4540
3286
3523
1052
3852
3604
3811
1182
4349
2113
497
1282
3939
4398
2902
173
2392
1700
929
4061
2800
3087
4168
2415
4797
2956
3378
2119
4239
2472
64
883
2173
15
3848
1567
1402
4257
2054
610
3018
2116
4193
1293
3947
2796
4182
3408
2508
4955
2905
917
4385
2639
4037
3374
4499
2714
1084
2497
3335
1526
1213
2434
4783
1678
1651
4619
592
3876
604
3844
1534
3009
740
2882
326
4127
1579
1563
953
3201
3198
2093
314
3293
4928
4122
3464
236
511
4352
939
3323
692
4069
1404
4633
444
732
3668
4186
3662
462
4435
1193
438
1802
2636
1420
1455
3459
655
2663
94
898
4018
4925
1963
1992
2864
4291
2391
720
1553
3806
2498
3239
2828
308
964
3576
1929
2784
3926
1648
2500
4542
1152
3583
3169
1417
4151
402
4125
380
1
3395
1173
112
4430
2866
4152
1525
4246
2108
451
3829
751
2322
1939
677
4559
1918
1214
3241
2929
699
3883
4441
1998
1983
2859
3348
1793
4315
4939
4919
1367
2579
3170
2194
3216
889
4719
4288
726
4562
1845
2213
4293
1650
3549
3889
1382
4704
3379
28
1480
3501
3845
663
2490
2238
106
1987
2175
1596
2107
1794
3319
2817
545
1031
4297
3749
3906
2543
3805
1492
2
2578
1130
573
3622
2050
295
3672
4042
1658
727
4717
990
3563
4096
1627
2059
4489
564
3033
4390
334
3605
2614
3349
4075
834
868
2783
695
893
2344
3719
2418
719
3812
3141
229
257
2429
1540
3060
2600
2285
4773
1659
1800
2034
4815
1994
3512
684
946
3403
4923
2556
800
4344
948
2030
3901
2837
4039
4480
4615
7
660
4972
1478
2646
4458
1769
3377
1144
1004
2509
811
3093
3189
2215
3814
35
3094
4952
1663
1704
4779
4160
1721
192
2996
450
759
2092
1763
3165
4695
4794
4416
620
703
512
3445
1551
1149
1871
4568
1482
3741
2376
4347
4094
4906
708
4960
2701
1249
639
2477
4265
2967
4283
2280
3689
1709
615
3777
4252
4522
1602
3765
3262
4576
1819
618
1988
1706
5000
4552
4560
2435
1866
1401
1260
3894
788
482
2672
4008
2702
85
1887
3139
1443
137
3994
254
3108
299
3606
31
163
995
3558
2716
606
1079
4889
861
1488
1120
159
706
4641
2855
582
1191
1969
2007
3260
691
1722
2986
2183
3237
899
4121
4647
2080
4085
3988
3030
2130
2231
1955
2431
1652
4140
1775
1386
4392
2320
3772
97
1573
548
2013
4212
2241
1409
1806
3320
3902
1385
958
4648
3389
2649
3276
735
1655
1270
3451
4509
4777
2465
3029
3380
83
2152
2538
491
3632
932
1718
3823
79
1413
1507
485
2255
2174
3957
3076
1276
1395
2722
25
4494
4281
4120
1836
1770
1816
4358
4878
2380
3414
3099
2943
2401
2821
2001
626
973
283
2188
2779
4378
3355
4371
224
3487
4485
516
3595
4187
591
4000
73
1510
4996
586
3540
2630
1341
563
650
2350
225
2535
2562
4251
3014
3528
1632
4652
3208
1284
2436
131
2164
2849
2177
2351
4887
322
4511
1500
2667
3532
4294
3993
561
4490
1788
1123
2642
4395
1090
2331
3119
3936
52
4999
3833
1459
1155
2317
2640
2227
2854
4637
1024
1712
2294
2296
3230
930
2998
276
1415
285
3641
4545
539
3697
4178
4564
2104
830
2991
2823
2293
1323
4413
432
4884
336
2168
2493
255
4723
894
121
3328
4988
956
3841
3187
542
910
653
3571
3078
3734
343
2689
1032
2592
2449
603
3193
2910
1435
2591
1628
3681
502
135
1398
1941
361
754
4512
1646
2073
2523
4488
3960
2883
3210
1329
4350
2844
452
130
1984
1864
3195
2533
2730
1787
293
1217
588
2291
4767
3911
598
2176
3316
427
4408
3003
290
2352
2290
1779
1913
495
4580
4074
3097
1815
4893
373
2016
4370
4902
2161
3983
2256
118
1394
1605
3647
311
4915
3423
1121
1752
3878
181
2171
2619
2155
4119
1229
3754
2206
671
3937
3713
3231
1830
1222
4528
3931
2000
294
4793
1865
4669
66
406
3463
4765
3238
737
906
3115
306
264
567
859
4741
3492
998
2896
3462
510
3934
4360
1060
3909
3624
2018
3948
4945
2111
3781
2692
4632
1585
3825
2985
752
2211
2771
4027
1142
3691
1456
3695
2537
3793
4431
4693
523
1312
1360
2801
4788
268
4194
4414
2190
303
2826
2621
3653
4298
2675
3228
2822
3332
2527
4662
1937
2283
1183
459
1034
2410
2222
291
1266
981
1884
47
484
3031
2526
3690
1938
869
2005
678
4745
1046
3436
1682
1257
1279
3651
2665
4694
3488
3677
1446
1345
924
4059
927
2424
1498
165
3919
2835
983
148
2379
1272
1572
3842
2469
3024
748
3998
4132
4393
2752
242
2948
1728
3977
581
1430
3498
2062
3763
4149
22
4702
2185
885
1129
541
2539
1702
634
1943
2165
1203
4968
4753
2230
1597
1158
1073
3768
2300
337
1037
3739
3136
1541
2141
4339
122
1020
3236
4035
1717
763
1660
4040
3839
2807
2414
422
2618
4816
134
4590
1750
2198
4232
3135
633
1464
4627
3618
3346
1615
168
3341
3174
2581
3054
4049
61
3285
3795
1673
4707
1205
1176
4333
2741
3560
4842
3598
4691
1882
4487
1782
1531
245
3143
1201
3770
443
4236
3920
638
1469
2027
3890
3521
3666
1134
4980
265
2970
675
1008
3872
2601
3504
2942
3016
3163
4912
1303
3128
3761
865
2385
916
4531
2840
266
4844
4164
2381
3180
3669
4701
2484
1837
263
781
2182
390
896
1159
3670
4963
919
4060
950
4575
3887
2025
3955
3385
3517
3124
2820
1078
4613
478
3428
1389
1365
944
1774
733
4092
2606
132
2019
3025
4544
2778
4622
2661
2957
1117
3308
1613
4582
4776
274
246
814
408
4954
4918
49
4614
3916
884
2413
2310
4872
2862
270
235
3738
3685
3959
2819
2099
1400
696
1337
36
3527
4329
2733
3794
3708
3368
4973
984
2552
3449
2516
596
4014
4134
4729
2260
1025
23
1524
3723
318
431
2058
2055
1242
844
1574
1654
1805
3184
658
3600
300
534
1580
4100
3684
1311
2638
2595
4162
4452
4989
4155
1781
2739
2495
1092
2008
3751
4747
2604
1863
1930
3884
2338
838
180
4058
3038
2693
3539
1530
3649
2491
702
1286
1039
4510
2540
1697
499
4953
828
1378
360
2480
4492
1410
82
1163
1610
4651
904
3704
4572
1739
4748
654
117
4941
1040
4047
1736
3869
2900
974
2481
81
3874
3850
1332
1141
3897
4732
3698
1239
1428
138
1502
3213
1045
204
1061
2511
4905
4903
2098
3495
202
2170
2559
3775
4845
1547
1824
4175
1640
1796
4023
911
1392
287
831
2325
4146
2451
4359
1638
4821
102
4237
4270
2762
114
543
2196
43
1911
1423
2984
4763
3086
2612
4108
1569
4495
4737
4268
1452
4848
901
278
856
312
1745
4967
4114
792
2922
762
4558
1198
962
1472
4665
936
2584
3950
3257
4709
2448
3270
3715
4271
969
2235
1647
1641
1462
2684
4348
136
4908
4772
2802
437
4699
2680
2311
