3748
4965
2207
3352
698
4164
982
2151
3287
4514
4371
4068
3080
2781
2140
1344
790
4727
1009
1682
728
1235
3777
2325
1728
837
3184
598
901
3026
927
3948
3648
4666
875
2427
4437
3925
1187
4404
4956
1606
4608
3529
146
2357
2345
208
2546
371
4904
4247
1182
311
2386
2105
2919
2048
4626
4921
2939
90
261
4259
246
2457
1149
822
4354
123
4471
4948
1473
1987
3808
4786
1046
2159
2303
1895
432
4636
522
3172
4116
549
1488
3976
307
4368
2846
3712
4508
173
4096
570
2444
1978
1570
4269
4214
862
2957
2803
2858
2342
1850
2712
1102
263
418
1515
4343
433
110
2358
1484
3283
1316
3557
1985
2995
4101
1133
178
439
1639
3716
4435
563
3701
1215
232
2406
2235
472
1026
4552
3932
2484
319
650
3439
1573
3840
2947
840
4968
2592
4910
2912
3901
4680
1722
2928
1729
10
225
410
2965
2724
1375
4859
1470
305
523
3059
1304
2946
1862
3068
2265
4317
656
4119
2815
4300
386
1446
2113
3214
625
2202
3718
4388
802
3558
3138
1321
1572
4787
3463
4085
101
1278
3457
4316
2980
3919
1735
4230
3360
262
3904
2171
4465
1560
3801
3361
4424
3913
336
4001
4
2924
3062
3110
1038
1252
127
773
477
4417
2526
1373
1950
3088
4059
3953
1633
3319
330
3257
3750
1740
1403
1748
189
2359
3609
1920
4639
4162
84
1725
3531
3728
2959
697
968
2102
892
3495
4694
1083
3958
1428
2234
3442
3342
3281
2023
4734
2683
3606
4372
4170
4703
1260
2381
2333
4519
821
3931
4087
2889
1679
999
2892
1193
2220
3807
1229
129
2302
2498
106
4294
4472
1658
4078
3196
3942
4664
1801
2005
3735
4117
680
4873
3314
1337
4391
674
4379
1227
4225
540
3886
732
2622
3786
3092
602
2890
4344
4867
3757
3041
2008
2888
622
3223
3349
2417
1050
4838
256
2149
1794
1532
2942
748
2412
3528
4284
2557
3171
2393
1891
1932
3079
3065
3608
3268
4098
3077
3598
2399
4500
590
3014
1710
2473
4145
2336
2717
2384
2708
831
422
3812
1406
2564
479
3530
4407
3392
287
458
88
4270
2998
483
4556
1019
557
4997
1146
3784
1042
4781
4648
4258
2461
1471
3787
1041
4937
1860
1531
1506
1136
2043
1205
1098
4028
4353
1636
3221
1911
3687
2507
2808
1685
4141
2047
4857
3564
4875
2584
3843
292
823
4899
2242
3058
3713
1322
3960
4277
1029
2458
4130
2515
3534
68
767
3353
4557
607
4034
2690
4180
3828
2609
1170
4943
754
4881
3019
3903
4275
1291
1475
1156
1188
2675
1117
2097
4398
1773
1631
4983
3809
2038
3027
2360
3758
4744
3367
207
2198
3174
2211
1549
3625
2018
4924
1455
1839
3695
2630
2923
4532
2694
895
268
1591
4916
693
2349
4534
2961
1898
4006
962
1044
4678
3644
4341
4108
4852
1829
3295
3305
4110
4201
437
2553
1396
4930
3957
864
35
4690
1918
279
4442
2117
1667
3265
4558
1954
3020
4526
2300
2874
2476
3721
1887
4974
3863
856
1472
3206
4994
3037
3073
3225
1462
4376
1607
2497
3704
112
1582
1634
3373
2450
2878
2917
876
913
4586
340
1884
3383
3698
576
260
3561
4572
1500
3458
1225
3523
2463
2784
4207
731
3421
2653
2368
4783
1323
4100
4920
3930
1965
2668
3015
1702
135
156
624
4622
3203
1645
424
4453
3555
3873
187
2691
3251
4951
4530
3430
513
1212
3499
1655
3025
4860
3792
2798
4346
3299
2487
3854
919
137
3205
530
2101
4549
1093
2210
2994
4587
2201
1360
3769
2752
30
1068
942
3425
2801
1101
3056
2373
3047
756
1707
3048
4476
1743
2804
1289
1457
2697
4191
4611
2066
2103
4728
4183
4115
4219
2181
3114
4913
3936
1561
4814
2414
1600
3544
2016
406
559
1553
3551
4280
4800
3275
1233
441
201
302
389
534
2676
2570
3254
4582
2549
2479
2573
102
4677
2662
4592
196
3209
1747
4466
1603
3317
2741
4907
491
2306
1333
1122
2258
3597
5000
4109
729
4017
2073
3827
1147
1496
2911
219
2062
1027
482
2885
1893
476
634
1483
3631
1665
1752
3967
1232
3100
3410
2833
309
755
736
2991
2855
4431
4271
2440
3121
2186
1587
1935
496
1914
267
1621
3167
2661
4868
934
887
4389
4502
487
954
3256
4919
2582
4281
1155
1654
2206
3987
931
1248
2949
4901
1447
2588
1051
2921
1049
3329
3390
1349
4252
3226
3237
857
2940
413
3798
3423
4971
2636
362
3775
4044
89
554
2259
4184
4627
1134
4654
1388
4641
3520
202
2744
4041
1039
3215
4897
4564
584
3914
3663
3494
4282
812
4761
2856
3576
3907
3933
1537
1525
4175
69
760
2060
2330
3128
1180
4409
2786
681
385
4063
1228
1653
617
1611
2251
3336
3123
2492
3762
4898
1941
4751
723
2734
87
2812
3038
1268
2075
4056
4136
4821
2686
1516
4723
3768
3490
355
4682
4616
2809
3867
4540
3889
4656
4737
4377
1065
2174
1302
1797
2168
4594
510
3507
3090
1760
1095
752
714
4801
4254
1949
4568
1610
91
1329
193
4980
1547
2418
1637
93
1034
1833
585
3866
2529
631
2307
4808
45
3872
604
4194
2006
2449
154
4976
4176
3749
32
3725
1786
2505
3003
1624
2548
1628
669
100
2332
4003
1121
4347
4580
4459
1218
1139
3668
2692
2253
2988
689
1290
4779
3935
2288
4799
4325
4039
771
648
1444
4742
889
1502
3830
1861
2486
1196
3719
1677
4601
4498
2480
4952
237
2239
945
271
2731
1459
2175
1923
485
4623
4856
4124
4712
3587
4421
3539
3652
2527
2475
744
883
3868
2405
3763
1552
329
727
2602
1194
1959
3021
3532
4748
2658
3952
938
1166
4544
4384
4386
4845
1370
4624
395
2208
243
1664
4309
1991
2200
313
4415
4263
3675
4536
798
4306
1777
2840
374
2341
2126
1000
3331
961
781
316
4458
2387
2978
2920
958
694
2108
3450
4602
213
4197
4266
780
4846
3985
871
1449
993
2927
2745
17
2361
2772
1995
1766
4091
454
4203
3364
257
4652
373
1239
2838
1397
2401
3481
1841
3417
4576
4686
1889
2104
116
1112
1746
1758
4416
298
4995
2039
3398
205
1060
2773
1352
2823
4692
3821
933
4490
2152
4827
4816
1364
1036
1761
1966
3686
2469
1855
2147
3521
4551
651
1415
3420
143
134
3242
1014
4330
1165
1944
829
1629
3938
1642
2648
2289
2282
2882
1315
1738
4741
1164
235
335
904
3350
3207
3994
4114
1045
2689
1016
452
2049
489
4529
4308
2290
1842
3098
4079
4134
816
1190
2292
270
2435
4454
3945
1706
2574
2551
4279
1094
4092
4651
716
4769
2009
2424
105
750
4874
2550
4795
2674
3892
1263
1660
3289
3355
3500
1849
1057
2830
492
580
2738
794
300
3087
4461
618
787
2603
3371
3992
3144
4432
142
1778
304
2190
3512
2834
1191
2116
308
2485
4408
1135
544
1445
3826
273
2425
1269
3112
1353
3659
703
3864
3264
3253
536
1521
334
1678
2229
2225
4360
4605
3043
16
2787
2950
1793
174
1687
4290
468
3819
1626
3895
296
494
2246
3449
3341
294
1199
4321
641
2726
1754
1818
72
911
4033
3978
1979
4911
817
2135
2441
186
3306
3093
3709
39
3633
966
2635
686
1877
3125
814
2354
3218
2063
1421
1053
1240
4942
4736
3740
3477
4441
4276
2110
3422
4132
4785
2472
3852
421
1394
1539
539
2
4113
117
3066
3389
3094
2388
4638
2623
4584
1371
2468
2395
4915
4310
4822
1497
4501
3232
2076
4014
3119
2204
2743
2100
1817
1668
1868
1648
3009
381
4967
4049
3049
2057
2252
3870
2913
925
3435
4729
2142
2679
3885
3861
1934
1110
869
3928
4364
910
1313
4286
826
3311
1261
4767
3081
3882
4764
4380
1852
1465
3881
3282
2732
3222
749
1822
1070
1219
3654
450
3252
3338
4135
4640
211
285
2167
4031
4342
2011
943
4035
1104
1154
3406
1213
2036
1384
3024
4189
2069
4613
3615
2398
1788
1202
1948
1736
4367
4436
543
1692
4546
67
1534
3479
1255
1541
2941
3995
722
2544
573
195
301
4329
2881
1096
3368
33
3200
1079
1544
4828
75
2968
241
4595
2664
2972
4440
603
3611
2532
1267
1075
1443
2033
1982
1599
1113
40
3431
1363
1492
3328
1683
4067
465
912
979
905
4396
1810
1630
338
1272
4770
312
2061
915
2594
3572
4187
3683
1863
4684
493
1347
4002
4089
4760
1718
1635
1774
436
1262
3805
1604
3673
4740
2443
2109
64
2538
3468
2112
1275
2296
2847
877
2021
4125
402
3574
508
448
1331
504
2437
3800
1066
4645
959
3163
4196
1201
1354
4242
843
3917
318
1477
42
2071
217
4208
1609
988
4658
678
3272
3752
2278
1008
1845
4399
1568
216
4559
935
197
1831
3233
1237
3337
1672
1947
1823
1004
108
1127
517
4831
1040
2154
2068
2499
3689
352
3511
3323
2304
4820
3357
3918
3639
980
2324
3518
2366
484
1020
2340
2736
4050
2056
1588
1437
1826
4026
2761
3396
4228
2634
879
4866
987
3694
3783
845
3315
4493
1355
1217
863
1336
1137
4541
992
4959
2088
2091
2608
2310
3165
2730
2563
1779
1993
4077
2356
2982
3773
2084
623
2495
1915
4352
277
1816
1501
1697
1776
1442
860
3883
4746
204
4012
2431
4018
3900
2301
2351
2652
3697
1389
4923
4588
1543
1377
3753
1418
4243
3972
3620
2365
1454
1178
1003
37
1330
28
3000
1577
1346
3986
1711
900
2369
4661
2931
3731
1751
138
1931
2869
3460
3667
3583
4083
4025
1052
4609
3067
1646
1783
705
1781
1256
4598
3776
1450
3448
4717
638
2125
1399
3517
2579
2933
1657
124
4318
158
3613
3822
3692
2180
4631
4239
4262
4985
14
2334
2410
4240
2681
1332
4790
3851
182
2053
4076
78
4103
2992
2050
1612
1716
3836
2318
1088
4863
4146
4849
535
1148
4932
4381
3733
3767
2471
126
2344
4793
1799
1545
2490
3343
1686
1851
1643
2065
3902
3790
1662
2590
369
3376
1843
967
4020
53
2765
1300
333
2974
3815
3599
1700
3076
3491
1177
1021
3136
882
2291
2394
2843
3082
547
3816
2404
2188
3160
1022
3908
4474
4700
2194
2766
2298
2952
199
4545
2430
4972
3802
2363
2287
3779
1927
337
3736
255
466
685
586
4241
177
1924
3650
1410
4143
3651
2644
1200
1953
4903
2884
2669
4128
2876
303
3393
164
1132
555
3069
3365
976
41
1705
4944
3330
3891
2134
4246
4037
1398
3732
3185
2364
4010
1790
3977
2747
1819
1602
4735
4612
4939
660
1259
1023
92
558
4303
4211
1495
390
4268
762
2929
387
795
4340
1254
633
470
1012
3657
3106
3541
1763
3814
4625
4593
902
4452
828
940
403
666
937
2612
165
4365
4644
3124
1142
1749
3302
2650
1767
221
601
1854
47
1578
2599
2757
955
463
1061
4634
1297
2024
589
4710
1857
2379
1811
1820
2970
4484
1077
4561
3920
3857
380
2378
1299
1401
503
2896
1058
382
71
2164
2935
2552
317
2536
893
4511
614
223
1243
3483
111
2141
3577
2672
4947
1162
3291
3646
3044
3053
3859
3313
3042
2179
4615
4603
4571
647
2513
2277
275
2074
407
2081
4517
2335
4163
2232
265
1210
3875
3505
2616
1902
4869
3248
2687
222
4149
4665
3145
3212
1461
3075
1550
1230
1597
3236
512
1115
2020
349
3717
149
2705
858
2040
800
3238
2514
82
1478
4140
3116
3102
4681
972
3152
1989
2887
509
314
3372
2446
4977
981
4504
3480
2932
2591
4573
1503
3108
1362
3263
4878
1880
654
147
2770
3273
2861
1894
2092
610
2763
4157
2777
2720
1361
2216
2195
438
2299
2595
644
3811
3429
2864
2178
765
2755
984
3028
3865
2704
3286
3963
3487
95
3642
3451
4267
254
1929
3869
2226
2775
4446
1376
1638
1025
1856
815
2593
2565
2297
3855
136
4798
4414
782
924
2682
1314
3303
206
2506
690
1385
2221
1173
2835
2187
2678
3554
4673
4960
4695
21
1650
2925
278
1524
412
2901
3170
2420
3847
667
675
357
4888
2849
1698
342
3211
2411
83
61
1969
3274
3246
4705
3723
2319
1427
1874
2128
2482
3318
1325
2155
3294
3379
1625
4864
1769
2654
772
283
3584
3006
3964
1873
2262
2789
3506
930
4604
776
323
1517
1419
1350
591
4698
2196
1324
3906
2223
3991
952
3461
3905
4669
4193
3543
645
4957
1169
3158
170
2042
4936
4305
2651
3705
2121
1018
2028
3447
1556
2788
3276
2215
2184
668
3714
4563
866
4507
1464
2130
2508
343
2926
2722
1288
847
203
1897
3370
1391
1063
2617
459
1405
1345
1879
542
3755
3916
320
4894
4979
3166
2721
2396
3876
3989
2269
2085
4489
1762
552
4714
1673
171
3454
1536
4542
2727
605
1938
3241
2811
3456
4782
2785
2618
4989
2272
1416
2977
1074
4255
1395
3141
548
1024
94
2315
897
2295
3191
1163
2029
4813
1940
446
737
616
1869
2451
328
2222
1084
4701
3744
1226
4336
1158
365
4884
233
2934
4357
4589
3729
4206
3788
1197
4522
4301
1663
4927
1813
3402
4992
2493
507
611
453
475
1087
4657
1649
1908
3502
3751
2150
3993
724
3054
1917
3475
1962
4847
1048
3354
2274
2086
3979
2993
3356
3359
4836
4659
4538
1069
1575
1926
3671
4696
3996
699
377
145
1922
1701
916
511
4811
4792
3040
157
830
1730
4469
2013
3229
1994
1933
687
345
1848
3018
2962
1157
4172
3924
1463
777
1257
3271
4221
3175
739
3139
4462
2308
1980
3884
4987
1505
1378
4447
578
2283
3823
2078
498
3643
2955
3235
4478
3063
3934
742
251
4383
139
1031
1557
4307
4463
1867
3877
1564
1627
4040
531
551
3391
3747
1925
467
2979
3791
4567
4926
4081
4758
1968
3560
77
4804
4126
4964
2421
4390
3085
2684
163
807
1739
2010
3492
2893
3841
2051
2027
4210
1581
4922
1618
1713
2535
4818
529
397
2999
3351
3489
2740
4487
1386
2474
2392
917
3013
4570
811
4084
2058
4151
2951
928
2879
2685
2844
2000
2177
4753
1955
52
188
1584
3202
2904
538
4879
2642
3340
4235
4418
4620
2019
3269
4858
608
3217
3874
1328
4177
2619
2293
3684
2511
3279
3307
574
1970
874
3140
1118
4088
4430
1509
13
712
1176
1834
3706
4479
2230
2413
1367
3345
1301
3333
2408
499
1983
1467
1768
4401
2586
104
280
1223
2338
4642
3627
994
2657
4005
2267
73
582
3074
326
161
8
4803
4891
1910
738
1348
1957
215
1381
3157
2723
3838
637
2231
4550
162
606
3513
3154
3334
2337
3403
2826
1661
3327
1805
180
1540
907
2649
4506
2160
473
2531
435
2470
1614
677
1828
2456
1690
4215
4578
3035
4871
2348
4227
2867
361
2432
1939
550
3443
2489
1825
4918
676
4575
612
4023
3741
3444
808
832
673
3086
2610
393
4817
4610
372
4702
4358
3950
565
2502
3591
2841
899
657
1964
3476
4013
2900
1435
2095
4837
2577
3927
1047
4273
1976
813
3547
735
3990
3292
4333
249
2764
4720
768
2633
4731
1674
2839
2214
4438
3266
1340
2918
4978
4217
1791
2545
3369
1605
2455
3617
3189
1402
1413
3640
4138
60
4123
183
4596
4411
4706
3782
420
3516
3685
3204
2871
2244
3148
3850
4444
3412
80
4802
50
2377
649
4670
2240
1392
2899
65
4451
2870
2245
3844
3880
1569
2445
2981
4331
4046
2631
1608
579
258
1846
1174
1216
4200
3227
1143
4732
440
4350
3381
1431
2667
824
3095
2997
1963
4892
2541
784
1131
4015
1888
3622
3298
4668
4238
2197
3267
4323
2481
3118
4599
3486
3656
2832
27
1109
1526
2895
4524
1688
1998
1875
3973
429
3969
1652
3409
2054
4882
4876
4830
4293
3010
1907
1912
4713
1755
3416
2504
3536
2517
3860
2639
2897
2423
3109
2371
741
1622
3325
2070
2067
2467
4649
3101
289
3912
4055
240
3348
2082
990
1508
766
3467
4724
3005
2938
894
1530
4533
3071
4931
733
4632
4464
2760
2976
1310
818
194
1913
533
3662
1380
1554
3817
2193
4449
3385
348
2605
4209
3030
2930
4248
2391
3262
1265
983
1326
1669
4169
4777
1493
2822
521
4505
3708
2271
2964
4842
2305
4369
2863
2670
4052
2257
1037
4492
3921
266
3029
354
2627
4672
1271
3727
2512
3542
4251
4299
1387
1787
1951
1720
495
2638
1928
70
3120
1511
2600
2127
4288
2045
368
2975
1580
1967
2037
516
4986
471
3724
1838
3208
4902
4676
3670
2205
4929
1651
4660
2055
3404
1892
1168
4292
4061
4153
4158
1559
1853
2898
1100
3984
947
3997
2026
274
4935
3072
9
3363
3395
3052
1981
3346
1393
3834
4181
3122
872
2909
3772
3061
2375
2656
1285
1903
4870
3418
3571
3540
3824
3955
757
3810
2403
3937
115
2256
4759
4848
4150
2519
946
2266
4768
1111
4941
4708
3966
941
4289
3898
1815
1695
4562
1305
118
1906
2880
1059
2987
880
2537
4824
1017
2064
1438
1807
3301
2148
4547
1596
1390
122
2501
1733
1538
3308
2132
2329
2133
4832
3550
3386
4024
2710
4477
1512
4718
4019
519
24
609
3182
682
2090
1744
4961
1694
1990
2032
3738
3818
1795
789
3089
4470
3515
4840
572
1426
809
710
1028
2862
2416
2637
1802
1436
469
2153
3594
360
1741
1812
6
2191
3581
3570
1293
4296
1583
1542
2284
2323
2488
715
2355
1520
3126
761
3210
220
4630
2626
2754
4752
2447
3837
1489
3765
408
2525
3064
2189
1756
1032
3031
4516
965
3696
2119
3849
4655
719
2270
514
2106
599
2322
4535
3084
4066
4893
3745
1005
1714
2559
4685
2123
2465
4205
4043
769
643
4111
2569
4772
1404
909
4070
588
4969
1214
630
4375
4513
2719
18
451
1715
985
2647
2702
230
169
1130
1644
3888
2555
4886
3411
4022
2312
3132
1840
568
4222
4756
2733
524
3616
3473
4075
4835
3890
1958
4072
1961
2415
2397
2615
1282
2985
3789
3899
4378
2774
1106
3178
2007
4433
2625
3887
3871
948
950
4009
3619
74
1616
3176
890
2169
4405
2873
3566
4213
322
2426
23
2433
1753
1105
2711
3310
1896
2478
4999
1179
210
975
3636
708
2294
683
4647
526
2966
4069
2824
1671
541
3261
4223
490
3321
758
4456
2561
1721
356
401
4155
1251
2533
4120
734
4810
3401
3493
2718
1076
86
4054
921
3133
4843
3284
3296
4496
4315
4027
3250
1555
282
4988
4738
3181
4628
3407
379
3835
1974
3567
2989
594
3761
995
4226
3527
2419
1996
1320
1198
1999
2696
3645
851
3187
1151
3335
3770
4339
3023
1407
2589
2385
200
2771
626
1222
4361
1152
4707
4090
259
778
4074
596
4709
2454
2248
4159
1859
1675
2613
3951
4244
4953
527
3055
1527
2620
4687
2758
214
4423
2725
2780
2802
2209
4118
1123
3949
4494
2339
1586
4348
4080
2963
2796
4990
3399
964
852
1899
1013
4653
3484
2707
4190
1824
3524
4554
405
2233
3162
3230
4663
2089
635
1836
642
2700
4776
4693
1408
3629
3582
3596
615
1319
1339
835
3220
3700
2343
2158
785
810
4147
4503
1318
4998
3600
478
4733
3813
2185
4958
3259
3213
2750
2709
2094
3362
4865
1327
2575
663
1277
4165
3096
2311
4993
2346
3760
1589
2402
577
1533
2751
1640
400
4850
3941
4797
1273
1703
1765
22
1681
2509
2280
4071
1519
2314
3382
2250
701
998
2859
4497
973
3674
3445
3579
4925
4491
4097
392
248
2138
227
2362
986
4766
4650
2316
4962
4715
1010
3339
3400
2568
2713
2022
1885
2083
2321
434
1082
1184
2659
1723
2114
4351
1175
1071
2906
2170
1056
4934
4909
3980
4591
229
2794
2714
3842
344
4093
3803
3324
4780
2596
1481
3612
4585
620
1909
4425
2249
3862
364
1772
3781
1518
2030
4499
2806
926
1804
4912
4455
3664
3300
447
4697
4617
3260
2400
3156
1417
1295
3603
244
1207
2382
3501
1699
3610
885
2439
4413
486
1930
3825
827
881
2374
1400
2518
121
185
3503
4234
2915
2673
3105
4565
3007
1119
849
3194
4938
62
3440
4982
168
3525
4029
4426
3856
1594
56
2728
4327
192
1546
1737
4249
350
2496
414
4773
3180
1359
806
2601
1490
2409
2372
1292
3045
346
4515
4057
2144
4359
3624
419
4319
3846
4726
2831
3553
1072
3971
2172
3832
2729
3894
2327
2279
391
518
745
1002
3033
839
1103
783
1905
1274
55
2129
4485
2580
4566
1
3766
269
2534
4730
996
726
4397
2192
3961
1921
488
4257
4833
4555
1997
7
2285
2031
3485
3153
1659
4131
327
99
1535
2165
4749
290
2203
3240
2776
1952
1171
3552
2059
460
4198
4062
600
46
3742
3309
3820
4335
3388
1116
20
1369
4099
4614
691
2554
1379
1266
1241
953
1195
411
593
957
4970
4722
801
1185
1770
1140
1712
2528
1264
3441
775
1249
3216
1092
908
2494
332
3290
394
2093
4349
4823
1258
238
481
561
2238
2645
4646
1800
3050
4434
1615
1309
878
891
2428
1775
1522
288
3726
4311
709
3565
1901
4789
1724
181
3471
1183
1558
4429
956
2792
2542
3804
939
2087
3831
461
4356
3526
2176
3004
4887
4855
3155
562
1424
3590
3466
3016
4607
3968
388
2096
306
2567
3405
1708
341
896
3008
4328
190
3956
4539
1114
2956
1704
3626
4363
286
730
1234
1764
4366
4298
4256
3046
3428
1717
4127
4815
1623
1081
3151
4523
2807
1144
3332
960
3366
4095
378
1366
2836
3446
4053
3829
3845
445
3146
628
2263
2001
3143
3679
545
2699
4216
1916
3593
2183
720
2317
4574
4633
366
1977
2795
4928
396
1617
4137
3130
3604
3595
2983
2182
4691
2671
297
4139
4973
1452
2907
1279
4402
119
4166
4854
2585
324
1208
2894
4410
1439
3117
3228
2621
1680
239
3188
4016
1129
384
1211
2436
671
4338
2837
1296
2500
3548
502
2572
474
4337
4393
2530
1585
1676
151
2228
4933
1192
619
3415
252
2845
1784
4488
425
2628
3070
4754
2241
2448
4422
2665
2383
228
1750
2389
2539
886
1043
3589
2958
1598
1796
834
2737
1619
2452
1186
4439
3164
3002
2035
3424
4531
4853
4954
3
1372
98
4819
3198
4905
1782
4528
1734
2521
4178
4334
331
1073
1307
1124
1244
3113
97
799
974
358
3630
1181
4011
4991
3785
236
2768
3344
2286
2025
4716
247
3588
3691
505
51
415
2818
480
779
359
3897
3150
3374
4457
1308
4021
3655
3482
2814
2243
1670
4287
2017
1487
2163
3137
4861
2120
4788
4412
3280
1335
3585
884
3568
4600
1189
2326
1551
2558
2547
3774
2236
4156
1231
3711
2429
4704
209
3231
3131
4683
4895
3681
1138
903
923
4774
3032
264
2124
96
2157
3879
571
2247
1383
3245
4428
4121
1414
2866
29
1789
2916
2877
1250
1011
4662
2753
1844
2156
4527
3498
2199
4004
4058
2597
2434
4073
1684
4569
632
1510
3436
3097
2960
4635
462
1876
560
19
3710
4195
284
1696
4245
2799
4812
842
38
4168
753
4427
4885
375
665
2779
4872
1886
4265
2857
791
1865
2769
4173
3676
2173
1960
2624
4675
4152
4482
3602
3614
1080
497
2655
58
914
3022
3293
4946
120
253
658
581
1726
854
1246
2137
3201
804
423
2462
4231
4370
1284
370
1992
3586
3419
2390
2523
4233
3647
859
747
4509
1864
1125
763
2442
2937
2606
347
4745
409
640
700
1647
2986
3702
3538
3988
218
4699
3756
131
2237
1035
2790
1480
4750
36
3488
3618
2118
2914
1528
4763
684
4314
4232
1883
4996
970
4419
4900
3474
1792
2614
4597
4142
1882
707
4521
4725
4512
234
107
1150
2990
3255
4914
556
1432
2922
1242
3693
3168
2604
977
3103
3244
3909
299
2459
1120
3320
2453
2819
1590
1771
3722
4008
1126
3896
1064
2264
3347
4841
3746
4295
949
4179
1089
4583
2971
770
3322
936
3545
1988
2002
4791
1160
3199
4038
291
3946
3285
250
2767
1067
1448
664
997
191
711
1236
1808
1827
1595
1368
2353
1341
3672
3375
3858
2852
1458
3522
1460
989
148
1523
2854
2886
426
2698
1871
613
2643
4345
3496
1334
4621
2460
3519
1365
2945
906
1097
3177
3806
4186
1973
1338
457
212
1514
176
2328
2034
3243
1592
1090
861
1312
3478
4212
160
595
4094
2816
4826
820
4199
1015
2212
3034
3190
3161
150
4129
25
2742
2261
1062
525
4355
4065
4473
4775
1159
2166
3947
2748
4467
4133
4082
172
639
528
1732
11
4637
867
4291
15
3778
569
702
12
2217
1161
2583
3195
4468
2370
431
1055
1835
4102
1451
2646
2098
3680
3983
2516
4030
4000
3134
4250
3628
85
2281
4619
717
4825
1689
3397
1986
1956
34
1247
1440
1745
1780
4167
2111
3720
63
114
4312
2380
2543
3878
4218
2739
3605
242
4945
2797
1809
1221
4047
4721
3304
3012
339
2954
3799
1091
4618
3739
3470
3940
2640
3239
3754
1238
3658
1942
4406
1128
1498
4450
2367
546
198
2224
4689
3959
2115
836
944
2143
3943
718
3635
4975
2320
2255
404
1632
3962
566
4285
920
140
1759
2044
4889
4105
4719
130
2883
167
4045
679
3060
929
2464
1975
2905
3559
2677
4220
2810
3408
627
2350
4144
706
4643
2254
3510
4260
846
1878
621
2524
1567
3135
456
888
4171
4104
4739
2560
3039
125
4890
103
3537
537
567
428
3453
1881
1054
1006
1433
1420
1085
3929
4106
1253
740
4950
1423
2910
443
3678
2735
963
4042
3915
3465
4237
1281
113
3017
4805
4877
3549
3159
4253
4743
796
1872
1971
2581
868
4036
4679
1220
3533
2756
3001
3621
3091
2813
4809
636
792
4548
659
2015
4581
803
1576
3179
4629
3387
3759
231
788
363
844
1936
2080
3970
506
1945
1033
3258
4844
399
4480
797
4192
1468
3247
4520
1513
2276
4829
575
1224
321
661
2227
4261
515
759
4757
1145
245
2973
43
725
793
376
1821
3975
2099
2663
4224
1356
1030
4060
3734
564
2046
2607
2695
2004
3944
532
1425
1317
713
853
855
2161
3438
2996
2850
2967
2566
4051
4236
2825
4667
144
4483
4448
2483
841
159
4778
4834
1434
2146
4806
2828
2936
2522
4771
3432
2136
3297
4883
2666
4229
3999
2660
4283
109
3107
2491
81
1890
224
3326
2571
3563
133
3426
805
4553
1666
26
1858
2122
1209
5
2587
3562
1613
2072
2139
3104
743
4332
3923
1422
2438
2576
1494
3607
3380
455
2407
2706
427
2865
4794
2902
351
2944
4107
3601
3183
2131
4392
1099
3637
3707
1504
3743
3982
2872
1565
2827
751
670
1904
4475
3911
184
3578
3682
4940
3939
4949
587
971
3316
1430
1283
79
850
2352
416
1486
3455
4862
2632
3535
3623
2145
3186
4264
4908
367
1456
3677
2331
1429
2762
3632
951
155
2376
4590
3147
2313
3462
704
2969
655
1306
3703
2510
4202
3078
1382
2829
870
3926
3974
49
1984
1286
1563
3169
1691
4320
3793
1574
1731
4543
4032
383
1900
464
4443
59
501
4007
3965
1937
4711
2641
1107
4374
1294
153
1491
4385
3592
3573
1001
1579
4518
132
1203
4387
819
721
2800
4274
3197
932
1007
4796
1742
444
3665
3129
3192
2821
4674
2853
4154
3575
2805
272
3437
3649
4086
4755
2715
3149
2943
3469
2701
2629
66
1943
1566
44
3641
2842
3666
54
4174
898
1342
3111
3414
4182
128
1641
2052
1830
4297
1078
553
3083
1847
2984
4160
3848
3193
310
4395
2868
764
166
2422
2347
1453
4807
226
1280
2703
2746
2273
2079
2759
3234
3278
2219
57
3795
2782
1972
2848
2860
4579
4560
4304
3173
1832
1476
592
3127
4048
2477
825
1466
4784
4896
4606
1620
774
3142
2003
1479
2680
3504
1351
1837
2578
2948
597
1206
991
4495
4204
1693
4537
31
3794
3497
2851
3669
4510
4481
1153
786
2749
3434
141
2275
3556
3377
3464
4112
3796
1482
2077
865
3910
2903
1474
3661
1656
4382
2012
2875
4161
969
922
2520
3249
3394
4577
3472
4324
2260
3384
3730
3771
3922
1803
1866
4762
2953
978
2162
1411
2611
3051
48
1374
4963
4486
276
3893
2556
3546
4851
2562
1757
4394
653
2107
4322
1141
3099
873
2817
3413
4688
3688
4373
918
152
4302
4906
398
2693
1167
281
1303
1785
3427
3569
179
1593
3690
4148
4326
4362
417
295
1298
3378
353
1601
3634
1499
3509
3508
2791
2309
3764
4747
3270
3459
1276
4185
672
3036
1204
1709
1357
2688
746
3954
4445
430
1562
696
2783
2503
2908
692
293
2268
1086
1358
3514
2820
315
4272
1485
1548
3833
442
4278
1409
848
1814
1798
1571
838
2218
4984
3011
3580
1412
4403
833
583
1343
3780
646
662
1719
3853
2041
3452
4671
2793
1441
1287
1727
449
3715
3998
4966
4981
695
3288
652
4400
688
4064
4955
3277
4460
4420
1870
500
2466
520
4765
2540
4839
2598
3797
3737
4122
1919
3981
1311
1507
175
325
3653
3057
4525
1108
3224
3433
2891
1469
2716
1270
3115
3358
3638
4880
2014
3839
1245
4188
3660
2213
2778
3699
3219
1946
76
629
1806
3312
4917
1529
1172
4313
