99974
99970
99967
99949
99943
99943
99934
99931
99926
99911
99911
99901
99895
99891
99884
99873
99871
99871
99848
99840
99835
99810
99807
99802
99784
99772
99771
99769
99762
99730
99713
99706
99696
99690
99688
99686
99654
99653
99643
99616
99592
99575
99559
99549
99546
99532
99523
99513
99510
99510
99498
99495
99494
99482
99480
99473
99466
99465
99451
99434
99430
99417
99404
99402
99383
99382
99377
99371
99369
99344
99341
99311
99308
99298
99296
99296
99279
99273
99265
99257
99249
99229
99208
99201
99200
99176
99150
99138
99130
99126
99124
99121
99118
99115
99114
99082
99062
99054
99035
99031
99016
99009
98997
98994
98983
98983
98977
98974
98967
98946
98942
98935
98921
98880
98867
98863
98862
98847
98839
98836
98822
98818
98814
98813
98809
98772
98752
98748
98735
98728
98722
98711
98710
98691
98687
98682
98678
98676
98671
98666
98663
98653
98651
98642
98629
98627
98622
98617
98603
98598
98565
98561
98525
98524
98486
98482
98470
98467
98446
98445
98438
98423
98416
98411
98410
98406
98402
98385
98377
98369
98349
98343
98343
98330
98318
98295
98275
98274
98270
98270
98267
98249
98228
98224
98208
98205
98193
98189
98180
98175
98174
98169
98163
98118
98112
98091
98084
98083
98074
98074
98059
98056
98055
98041
98038
98029
98023
98023
98022
98013
98012
98007
97973
97957
97954
97948
97929
97906
97885
97857
97856
97851
97833
97832
97823
97794
97785
97727
97711
97692
97686
97667
97657
97649
97634
97609
97609
97604
97598
97589
97566
97562
97560
97556
97546
97545
97531
97522
97497
97493
97493
97482
97480
97475
97466
97415
97397
97378
97342
97314
97314
97312
97312
97303
97254
97248
97237
97228
97218
97204
97183
97177
97175
97174
97162
97154
97148
97140
97134
97130
97120
97119
97116
97109
97094
97072
97044
97036
97023
97016
97012
97011
96998
96983
96971
96968
96910
96895
96894
96889
96872
96856
96852
96850
96826
96802
96768
96767
96763
96760
96748
96748
96723
96716
96714
96669
96665
96647
96635
96634
96633
96596
96582
96576
96574
96567
96559
96555
96546
96545
96540
96504
96500
96498
96489
96465
96460
96458
96456
96432
96421
96419
96416
96415
96407
96396
96395
96379
96378
96369
96356
96350
96330
96318
96300
96298
96294
96284
96265
96260
96260
96257
96255
96224
96214
96209
96192
96188
96181
96175
96174
96170
96164
96157
96149
96145
96132
96129
96126
96111
96107
96101
96101
96091
96083
96078
96068
96060
96053
96051
96045
96044
96038
96030
96017
96016
96010
96008
96002
96001
96000
95994
95983
95972
95945
95945
95942
95905
95895
95854
95850
95844
95832
95830
95827
95826
95819
95815
95814
95808
95801
95798
95784
95772
95755
95752
95718
95705
95689
95687
95682
95678
95674
95670
95663
95661
95658
95647
95644
95640
95639
95620
95603
95602
95573
95569
95566
95550
95532
95508
95468
95457
95452
95449
95447
95442
95438
95422
95421
95419
95416
95414
95402
95399
95394
95393
95381
95370
95362
95362
95362
95349
95340
95333
95317
95283
95282
95276
95273
95267
95253
95241
95223
95221
95216
95216
95196
95194
95193
95192
95177
95173
95171
95169
95169
95165
95164
95160
95149
95146
95144
95134
95123
95094
95094
95090
95052
95043
95041
95038
95030
95024
95006
94985
94962
94955
94955
94951
94946
94945
94939
94936
94935
94932
94925
94924
94910
94890
94888
94877
94867
94856
94855
94812
94802
94791
94790
94780
94765
94754
94741
94738
94731
94728
94712
94694
94693
94675
94666
94648
94645
94644
94641
94633
94619
94615
94613
94613
94601
94598
94594
94592
94580
94561
94560
94558
94543
94541
94540
94537
94521
94499
94492
94492
94490
94484
94484
94460
94438
94428
94406
94358
94355
94350
94345
94335
94333
94331
94321
94314
94313
94313
94307
94305
94300
94298
94277
94269
94232
94230
94219
94217
94198
94190
94190
94171
94164
94146
94144
94144
94143
94138
94129
94122
94120
94119
94119
94101
94092
94078
94067
94067
94036
94028
93991
93990
93977
93970
93968
93936
93915
93886
93874
93861
93856
93852
93850
93837
93784
93756
93731
93707
93706
93675
93672
93664
93661
93660
93649
93645
93640
93631
93615
93565
93564
93562
93555
93547
93514
93509
93501
93500
93480
93471
93462
93430
93407
93402
93398
93383
93381
93351
93314
93305
93300
93299
93289
93284
93280
93259
93239
93228
93227
93221
93179
93136
93128
93118
93100
93085
93082
93080
93067
93062
93036
93008
93001
92993
92990
92965
92955
92953
92940
92938
92937
92911
92890
92874
92849
92842
92833
92832
92824
92818
92815
92806
92790
92763
92750
92724
92712
92706
92669
92649
92641
92627
92626
92610
92605
92596
92591
92580
92579
92570
92563
92562
92554
92542
92532
92521
92518
92516
92508
92449
92435
92412
92403
92380
92369
92368
92365
92363
92360
92331
92330
92316
92306
92304
92291
92284
92280
92272
92269
92264
92259
92243
92222
92220
92202
92186
92183
92173
92165
92163
92156
92153
92147
92129
92122
92119
92106
92104
92081
92071
92046
92034
92026
92024
92021
91999
91988
91965
91960
91949
91938
91935
91932
91924
91919
91913
91911
91911
91903
91902
91901
91891
91887
91880
91880
91865
91849
91837
91832
91831
91825
91798
91753
91725
91718
91716
91696
91680
91659
91658
91611
91586
91580
91571
91567
91544
91517
91516
91511
91495
91487
91485
91477
91453
91449
91436
91432
91430
91425
91404
91398
91386
91384
91383
91373
91365
91361
91352
91349
91345
91334
91314
91309
91277
91273
91254
91252
91239
91235
91228
91214
91202
91180
91163
91150
91136
91121
91109
91104
91078
91073
91070
91064
91047
91041
91040
91038
91010
91000
91000
90999
90989
90986
90984
90983
90959
90951
90931
90910
90903
90887
90870
90867
90861
90843
90843
90843
90839
90831
90816
90815
90806
90798
90792
90789
90780
90758
90747
90742
90741
90722
90702
90700
90675
90671
90658
90646
90631
90621
90585
90571
90569
90566
90558
90556
90554
90495
90481
90480
90445
90443
90434
90427
90421
90402
90401
90397
90385
90383
90381
90370
90370
90350
90330
90325
90317
90308
90304
90299
90280
90278
90277
90233
90230
90215
90213
90206
90171
90160
90155
90153
90151
90145
90137
90121
90111
90084
90082
90064
90058
90057
90052
90043
90042
90035
90032
90027
90022
90018
90005
89978
89974
89955
89954
89946
89943
89933
89933
89927
89911
89891
89870
89868
89840
89837
89830
89821
89795
89782
89781
89761
89753
89738
89738
89732
89732
89722
89694
89679
89674
89662
89660
89659
89657
89641
89641
89635
89627
89604
89586
89569
89568
89563
89542
89523
89511
89509
89494
89483
89464
89464
89450
89448
89447
89445
89433
89426
89412
89407
89407
89402
89393
89389
89378
89362
89361
89352
89336
89320
89318
89314
89297
89289
89289
89270
89267
89267
89264
89263
89247
89244
89218
89212
89202
89197
89191
89188
89158
89152
89150
89129
89116
89115
89096
89094
89090
89086
89081
89078
89077
89073
89055
89053
89051
89037
88962
88941
88923
88921
88899
88857
88850
88841
88819
88816
88807
88797
88779
88768
88750
88746
88731
88707
88700
88694
88685
88672
88656
88644
88633
88619
88606
88605
88569
88516
88505
88503
88466
88440
88437
88427
88422
88421
88421
88417
88411
88411
88409
88387
88386
88384
88375
88371
88370
88358
88358
88348
88348
88335
88322
88313
88310
88305
88296
88293
88291
88290
88283
88282
88282
88270
88265
88264
88233
88230
88203
88202
88200
88194
88183
88157
88150
88127
88127
88116
88115
88059
88053
88051
88043
88034
88012
87962
87957
87940
87923
87915
87914
87911
87904
87898
87897
87897
87884
87879
87857
87853
87853
87844
87823
87801
87801
87798
87762
87743
87738
87722
87720
87715
87708
87705
87695
87687
87684
87684
87664
87650
87628
87597
87537
87533
87530
87526
87522
87513
87511
87509
87507
87478
87473
87448
87434
87425
87412
87412
87404
87398
87388
87381
87369
87321
87307
87288
87286
87272
87270
87263
87259
87255
87254
87253
87230
87230
87219
87188
87188
87187
87169
87165
87163
87155
87154
87154
87145
87139
87137
87098
87092
87087
87077
87042
87035
87021
86977
86972
86966
86961
86961
86948
86946
86923
86912
86912
86891
86886
86880
86873
86854
86848
86825
86822
86821
86813
86808
86796
86786
86779
86779
86775
86751
86725
86725
86721
86717
86708
86705
86705
86700
86675
86671
86644
86643
86623
86616
86603
86595
86589
86584
86583
86569
86563
86557
86552
86552
86539
86537
86518
86494
86492
86486
86472
86468
86443
86436
86436
86428
86414
86411
86401
86384
86361
86360
86348
86343
86310
86305
86303
86302
86300
86297
86296
86295
86294
86281
86267
86266
86252
86247
86239
86238
86234
86228
86193
86185
86175
86171
86150
86148
86147
86123
86121
86120
86111
86109
86109
86106
86099
86082
86078
86077
86048
86030
86030
86020
86010
85997
85981
85977
85970
85883
85881
85860
85853
85846
85843
85838
85828
85820
85789
85779
85750
85747
85747
85745
85742
85739
85732
85720
85719
85698
85696
85686
85681
85679
85673
85655
85654
85653
85653
85650
85642
85636
85635
85628
85616
85615
85613
85595
85594
85576
85565
85554
85553
85538
85529
85519
85508
85494
85479
85475
85464
85453
85445
85438
85435
85417
85410
85387
85379
85377
85365
85352
85350
85344
85338
85337
85333
85332
85328
85322
85321
85317
85299
85288
85261
85259
85259
85250
85231
85225
85220
85219
85219
85186
85145
85141
85122
85121
85113
85098
85091
85083
85079
85079
85073
85073
85072
85047
85044
85026
85022
85018
84981
84963
84961
84952
84951
84933
84923
84906
84904
84889
84886
84877
84874
84873
84860
84854
84844
84823
84813
84796
84790
84769
84760
84753
84746
84728
84705
84690
84650
84626
84623
84622
84612
84612
84611
84606
84605
84604
84604
84599
84557
84538
84534
84532
84503
84473
84448
84443
84443
84435
84422
84406
84403
84392
84390
84369
84340
84331
84318
84303
84301
84298
84291
84285
84284
84277
84272
84268
84246
84241
84219
84210
84187
84175
84170
84168
84150
84144
84138
84134
84130
84127
84126
84119
84117
84113
84108
84099
84098
84075
84073
84066
84057
84009
83990
83990
83988
83981
83980
83975
83975
83975
83965
83938
83923
83920
83904
83891
83886
83884
83883
83876
83868
83858
83835
83831
83829
83797
83783
83736
83718
83712
83699
83693
83680
83668
83661
83648
83644
83641
83636
83623
83620
83599
83589
83589
83577
83562
83556
83554
83551
83550
83548
83546
83526
83524
83523
83493
83469
83432
83405
83391
83381
83381
83376
83363
83345
83344
83337
83312
83300
83269
83256
83237
83221
83185
83185
83179
83119
83095
83087
83083
83057
83047
83029
83011
82973
82970
82963
82963
82962
82949
82934
82932
82923
82916
82915
82902
82884
82870
82850
82839
82826
82823
82820
82813
82797
82785
82778
82771
82765
82764
82764
82746
82743
82737
82718
82713
82703
82697
82694
82689
82683
82682
82667
82644
82639
82635
82632
82614
82602
82599
82596
82583
82580
82568
82542
82542
82539
82536
82524
82523
82517
82513
82492
82488
82479
82453
82444
82437
82430
82424
82421
82409
82401
82391
82387
82378
82378
82360
82359
82351
82350
82342
82333
82323
82311
82311
82307
82293
82290
82271
82250
82237
82218
82212
82172
82149
82143
82126
82118
82116
82114
82103
82102
82092
82088
82082
82077
82060
82058
82047
82041
82031
82024
82020
82019
82011
82010
82008
81988
81983
81980
81976
81974
81973
81966
81965
81938
81935
81932
81922
81900
81898
81896
81890
81886
81885
81880
81873
81851
81848
81839
81833
81820
81812
81809
81798
81775
81764
81747
81727
81719
81705
81704
81657
81638
81631
81608
81580
81568
81562
81553
81551
81539
81539
81500
81499
81487
81475
81474
81466
81457
81456
81437
81423
81420
81419
81394
81392
81386
81366
81358
81356
81353
81344
81337
81324
81320
81289
81279
81271
81267
81227
81226
81174
81167
81160
81147
81143
81143
81132
81124
81124
81119
81119
81107
81106
81105
81101
81090
81076
81050
81045
81036
81002
80993
80988
80987
80987
80975
80971
80961
80931
80927
80922
80920
80909
80900
80896
80893
80868
80851
80844
80839
80835
80832
80818
80811
80810
80806
80794
80789
80786
80769
80763
80752
80734
80726
80722
80719
80679
80673
80672
80669
80662
80662
80659
80654
80642
80639
80631
80620
80619
80615
80603
80600
80587
80583
80581
80576
80575
80564
80525
80511
80509
80505
80420
80398
80388
80388
80370
80365
80360
80359
80337
80334
80314
80307
80304
80304
80304
80304
80290
80269
80256
80254
80254
80238
80235
80228
80227
80226
80226
80202
80198
80165
80149
80145
80145
80144
80129
80121
80078
80067
80061
80059
80059
80050
80019
80000
79993
79992
79988
79974
79973
79945
79939
79923
79912
79900
79899
79896
79888
79866
79861
79852
79833
79822
79810
79804
79784
79772
79752
79750
79738
79737
79734
79734
79720
79709
79707
79700
79696
79689
79687
79684
79661
79639
79614
79594
79589
79580
79566
79565
79564
79543
79533
79516
79509
79480
79476
79464
79457
79455
79416
79402
79367
79358
79358
79347
79345
79323
79310
79302
79299
79292
79287
79284
79275
79269
79263
79250
79246
79240
79236
79214
79209
79205
79201
79194
79191
79174
79166
79154
79143
79137
79125
79123
79120
79119
79100
79099
79099
79058
79052
79045
79038
79030
79016
79001
78999
78989
78982
78964
78938
78936
78921
78911
78909
78895
78891
78886
78880
78874
78873
78870
78863
78863
78843
78825
78816
78815
78814
78813
78801
78788
78785
78784
78775
78774
78758
78734
78727
78726
78717
78714
78703
78701
78685
78668
78662
78649
78649
78643
78638
78638
78632
78631
78631
78629
78621
78621
78606
78602
78598
78595
78590
78584
78569
78566
78561
78555
78553
78551
78541
78534
78512
78477
78473
78462
78454
78432
78429
78407
78371
78366
78358
78333
78323
78296
78293
78289
78279
78267
78266
78247
78234
78227
78223
78213
78210
78171
78164
78161
78157
78157
78155
78147
78143
78115
78092
78075
78059
78028
78005
77984
77978
77977
77958
77913
77901
77866
77857
77840
77818
77806
77800
77791
77789
77788
77778
77776
77766
77764
77762
77752
77748
77745
77697
77683
77673
77657
77640
77638
77632
77605
77597
77591
77588
77575
77564
77562
77561
77550
77541
77529
77518
77517
77509
77500
77497
77493
77493
77486
77469
77459
77451
77450
77447
77422
77411
77410
77409
77370
77360
77355
77354
77353
77291
77279
77277
77276
77271
77265
77258
77248
77244
77243
77219
77213
77201
77201
77188
77187
77186
77163
77153
77146
77140
77135
77115
77109
77104
77094
77084
77062
77053
77047
77006
76992
76984
76958
76935
76929
76924
76910
76906
76897
76891
76878
76872
76862
76847
76831
76831
76824
76824
76816
76793
76777
76775
76775
76767
76766
76737
76736
76735
76734
76722
76718
76705
76704
76699
76698
76678
76662
76648
76603
76597
76591
76566
76559
76551
76512
76505
76500
76481
76473
76462
76451
76451
76406
76398
76367
76336
76321
76305
76289
76286
76281
76259
76226
76205
76204
76195
76166
76159
76157
76149
76147
76132
76130
76123
76111
76082
76069
76062
76056
76056
76055
76050
76044
76040
76037
76036
76036
76028
76014
76014
75997
75976
75955
75944
75942
75941
75935
75918
75915
75909
75909
75907
75903
75902
75896
75896
75894
75887
75885
75883
75873
75859
75852
75823
75803
75795
75791
75790
75774
75772
75768
75766
75752
75751
75743
75740
75712
75710
75681
75678
75678
75675
75650
75648
75625
75623
75577
75569
75564
75547
75545
75542
75541
75537
75535
75533
75486
75485
75466
75460
75448
75426
75398
75398
75367
75366
75353
75348
75345
75338
75334
75311
75306
75300
75299
75295
75279
75279
75277
75247
75244
75243
75208
75186
75178
75174
75169
75169
75164
75162
75161
75158
75156
75143
75142
75139
75120
75088
75087
75087
75087
75087
75085
75067
75066
75050
75047
75020
75015
74996
74994
74985
74980
74971
74944
74941
74921
74859
74828
74823
74818
74794
74766
74760
74759
74746
74746
74740
74722
74708
74701
74696
74685
74684
74681
74679
74674
74671
74663
74652
74645
74641
74635
74623
74620
74611
74585
74578
74545
74541
74532
74530
74521
74503
74493
74483
74471
74459
74459
74458
74447
74438
74438
74432
74421
74412
74393
74393
74392
74390
74389
74388
74372
74369
74346
74342
74325
74300
74295
74295
74291
74283
74274
74270
74261
74253
74249
74216
74211
74196
74182
74178
74177
74177
74148
74146
74144
74143
74142
74134
74121
74118
74116
74114
74100
74083
74066
74047
74036
74026
74023
74018
73958
73951
73949
73946
73930
73923
73921
73919
73915
73912
73907
73901
73901
73891
73869
73842
73839
73837
73836
73826
73822
73818
73796
73783
73772
73749
73741
73737
73713
73711
73688
73686
73683
73679
73678
73675
73674
73670
73648
73648
73643
73643
73640
73632
73631
73627
73622
73619
73616
73596
73594
73581
73557
73556
73549
73547
73537
73535
73523
73503
73490
73482
73473
73472
73450
73432
73429
73427
73422
73422
73419
73400
73391
73383
73369
73368
73354
73353
73348
73342
73325
73281
73273
73253
73220
73213
73212
73172
73165
73139
73139
73138
73124
73120
73105
73081
73080
73078
73078
73063
73060
73051
73043
73035
73028
73024
73019
72991
72989
72985
72980
72979
72958
72956
72949
72945
72938
72916
72915
72915
72912
72909
72893
72869
72864
72853
72851
72832
72822
72806
72778
72769
72768
72756
72738
72726
72651
72646
72645
72627
72627
72626
72625
72625
72623
72621
72617
72604
72593
72589
72578
72576
72533
72514
72513
72513
72510
72486
72454
72442
72435
72396
72394
72390
72384
72383
72377
72377
72369
72353
72352
72342
72339
72307
72296
72288
72279
72270
72217
72213
72201
72188
72183
72177
72155
72146
72143
72136
72129
72111
72098
72090
72085
72067
72063
72057
72056
72039
72039
72036
72022
72019
72015
72009
71998
71993
71992
71989
71960
71935
71871
71870
71852
71851
71849
71848
71821
71820
71820
71809
71794
71780
71767
71759
71754
71731
71717
71688
71674
71653
71649
71616
71612
71586
71577
71576
71574
71567
71555
71553
71546
71545
71524
71523
71515
71493
71472
71472
71464
71462
71462
71458
71448
71434
71423
71419
71409
71406
71398
71392
71383
71379
71375
71356
71345
71337
71327
71317
71315
71311
71306
71297
71287
71283
71277
71273
71272
71269
71264
71249
71233
71179
71177
71168
71167
71151
71147
71127
71117
71107
71081
71075
71071
71063
71056
71045
71045
71040
71040
71031
71024
71016
71011
71009
71001
71000
70998
70992
70989
70986
70982
70974
70962
70960
70937
70924
70917
70908
70902
70898
70892
70891
70884
70873
70865
70836
70833
70825
70820
70802
70796
70788
70766
70766
70754
70749
70743
70722
70706
70704
70688
70669
70665
70648
70648
70643
70634
70627
70618
70611
70609
70595
70592
70591
70587
70547
70526
70526
70518
70512
70500
70500
70488
70487
70475
70462
70442
70421
70419
70415
70383
70381
70310
70307
70295
70295
70266
70254
70252
70247
70232
70205
70201
70197
70134
70131
70115
70113
70093
70092
70086
70080
70079
70075
70067
70043
70039
70033
70029
70027
70026
70026
70019
70010
70008
69993
69975
69974
69973
69968
69953
69949
69944
69943
69921
69910
69908
69898
69892
69883
69880
69855
69851
69837
69834
69809
69789
69786
69747
69732
69661
69640
69638
69637
69634
69623
69609
69594
69592
69581
69579
69571
69569
69558
69550
69546
69543
69539
69536
69534
69516
69507
69504
69492
69483
69471
69464
69464
69417
69414
69384
69379
69366
69340
69338
69334
69323
69320
69308
69303
69291
69263
69239
69235
69231
69223
69217
69215
69203
69198
69196
69187
69185
69172
69171
69168
69164
69156
69140
69119
69110
69103
69101
69086
69079
69077
69069
69057
69051
69021
69007
69006
69005
68988
68972
68969
68966
68949
68939
68932
68932
68910
68910
68908
68899
68878
68871
68863
68862
68831
68830
68799
68797
68772
68754
68715
68712
68682
68682
68672
68671
68654
68621
68610
68600
68581
68575
68554
68527
68517
68517
68514
68510
68504
68500
68494
68480
68473
68457
68437
68436
68428
68422
68407
68403
68397
68383
68371
68367
68364
68364
68354
68322
68305
68280
68267
68264
68247
68241
68227
68225
68221
68201
68200
68186
68185
68176
68172
68135
68129
68128
68106
68075
68055
68030
68021
68012
67994
67990
67948
67926
67923
67919
67885
67881
67874
67837
67815
67806
67790
67787
67787
67785
67783
67782
67777
67757
67733
67731
67721
67715
67700
67682
67640
67626
67605
67595
67595
67592
67583
67582
67571
67565
67562
67551
67536
67499
67495
67489
67482
67481
67466
67457
67457
67457
67442
67429
67413
67412
67397
67388
67382
67374
67359
67347
67347
67345
67328
67324
67319
67297
67296
67288
67282
67281
67278
67277
67265
67253
67246
67236
67236
67221
67218
67183
67179
67170
67151
67147
67135
67129
67124
67096
67090
67062
67060
67050
67033
67031
67020
67016
67002
66991
66987
66966
66957
66952
66934
66923
66902
66894
66888
66871
66863
66861
66841
66841
66836
66818
66817
66781
66776
66775
66774
66770
66759
66756
66755
66750
66739
66707
66686
66680
66674
66668
66659
66657
66642
66632
66631
66624
66599
66592
66578
66558
66548
66542
66530
66515
66509
66504
66503
66493
66490
66487
66485
66479
66474
66449
66440
66439
66409
66396
66388
66382
66379
66359
66350
66348
66347
66346
66345
66344
66341
66339
66332
66331
66320
66292
66284
66266
66259
66247
66237
66228
66215
66197
66191
66181
66179
66159
66137
66115
66111
66094
66053
66015
66003
65992
65988
65984
65980
65980
65959
65954
65939
65933
65926
65923
65920
65907
65893
65882
65880
65865
65861
65857
65854
65850
65840
65837
65832
65830
65818
65816
65799
65786
65779
65772
65764
65747
65743
65736
65730
65722
65719
65712
65705
65703
65684
65683
65676
65618
65616
65614
65604
65585
65577
65556
65555
65552
65533
65527
65525
65525
65524
65518
65517
65468
65465
65461
65452
65420
65412
65375
65374
65368
65364
65361
65354
65354
65346
65318
65301
65293
65278
65273
65251
65242
65241
65229
65199
65173
65168
65168
65149
65146
65144
65140
65092
65092
65082
65074
65071
65066
65061
65050
65041
65006
64986
64982
64980
64974
64962
64935
64927
64923
64912
64907
64906
64891
64888
64881
64876
64876
64870
64860
64847
64833
64824
64824
64815
64814
64806
64801
64792
64791
64773
64765
64757
64756
64705
64700
64699
64698
64693
64677
64677
64669
64665
64647
64629
64615
64611
64601
64599
64598
64584
64575
64555
64540
64528
64517
64501
64496
64490
64485
64470
64466
64443
64418
64410
64408
64403
64399
64390
64383
64377
64357
64352
64350
64326
64312
64311
64288
64286
64266
64259
64253
64238
64231
64226
64215
64211
64211
64211
64200
64198
64186
64184
64168
64149
64145
64135
64131
64125
64104
64058
64041
64027
64004
63985
63978
63968
63967
63964
63962
63961
63946
63939
63937
63930
63928
63926
63924
63923
63917
63914
63912
63911
63910
63909
63908
63898
63896
63875
63860
63860
63841
63823
63819
63779
63763
63759
63718
63706
63688
63685
63668
63659
63642
63640
63627
63626
63621
63593
63568
63561
63553
63544
63514
63499
63492
63475
63457
63456
63456
63451
63447
63438
63422
63415
63406
63406
63394
63387
63379
63370
63337
63329
63329
63311
63305
63305
63303
63301
63278
63256
63250
63247
63246
63245
63243
63233
63205
63197
63194
63186
63182
63181
63161
63160
63154
63143
63128
63119
63117
63116
63107
63086
63070
63068
63054
63048
63044
63037
63037
63033
63011
63008
63006
63003
63001
63000
62998
62993
62983
62980
62979
62971
62969
62952
62948
62942
62934
62933
62932
62927
62916
62915
62888
62882
62856
62855
62854
62847
62835
62830
62826
62823
62799
62776
62772
62765
62748
62745
62734
62729
62706
62701
62699
62696
62685
62674
62671
62667
62660
62659
62655
62651
62632
62627
62627
62606
62603
62576
62575
62537
62508
62507
62458
62456
62433
62420
62413
62403
62388
62387
62360
62351
62346
62329
62327
62318
62302
62291
62285
62251
62219
62203
62201
62181
62180
62175
62152
62139
62138
62129
62111
62109
62108
62102
62098
62063
62061
62061
62055
62040
62039
62033
62030
62025
62024
62020
62016
61998
61994
61989
61988
61972
61950
61944
61934
61921
61918
61915
61898
61897
61864
61860
61845
61841
61839
61834
61821
61811
61798
61785
61773
61762
61755
61752
61752
61746
61741
61739
61737
61730
61718
61717
61701
61692
61660
61659
61656
61644
61627
61587
61585
61568
61567
61559
61557
61551
61542
61537
61535
61530
61528
61489
61446
61435
61434
61432
61417
61390
61384
61378
61371
61367
61361
61358
61341
61341
61340
61335
61327
61313
61292
61276
61272
61263
61258
61256
61250
61248
61248
61243
61235
61233
61232
61231
61228
61224
61217
61213
61211
61207
61202
61197
61190
61182
61171
61165
61157
61150
61111
61108
61099
61096
61089
61081
61079
61052
61048
61041
61035
61010
60995
60990
60975
60969
60946
60943
60919
60886
60886
60885
60872
60860
60856
60855
60851
60850
60845
60840
60806
60796
60776
60768
60767
60760
60754
60750
60747
60737
60733
60722
60715
60688
60685
60644
60627
60626
60564
60555
60528
60527
60504
60498
60491
60475
60439
60437
60424
60423
60399
60395
60394
60391
60382
60372
60369
60354
60353
60338
60319
60305
60300
60298
60285
60277
60276
60275
60274
60273
60263
60262
60255
60241
60232
60231
60220
60202
60199
60190
60174
60154
60154
60152
60123
60109
60087
60085
60077
60073
60056
60055
60031
60024
60021
60016
60013
60011
60007
60006
59968
59947
59934
59930
59925
59917
59906
59903
59892
59890
59890
59867
59863
59853
59852
59845
59828
59815
59803
59801
59794
59788
59772
59747
59746
59745
59742
59732
59725
59713
59684
59684
59682
59662
59658
59650
59648
59630
59630
59617
59611
59609
59590
59590
59574
59557
59555
59555
59549
59530
59522
59516
59515
59498
59489
59488
59484
59458
59453
59448
59442
59425
59415
59414
59408
59408
59386
59384
59381
59371
59367
59363
59357
59340
59319
59313
59311
59306
59300
59289
59284
59266
59244
59242
59238
59221
59205
59200
59200
59187
59180
59167
59165
59164
59161
59160
59154
59151
59146
59132
59120
59118
59114
59114
59110
59091
59083
59076
59067
59065
59056
59049
59032
59032
59026
59022
59002
58985
58983
58964
58950
58927
58919
58910
58905
58892
58888
58881
58827
58822
58817
58817
58808
58797
58794
58785
58776
58774
58772
58767
58761
58750
58738
58737
58723
58722
58721
58720
58715
58703
58701
58699
58694
58689
58688
58670
58670
58660
58657
58644
58617
58608
58598
58584
58574
58570
58556
58535
58524
58494
58487
58480
58479
58470
58467
58455
58449
58447
58443
58439
58432
58429
58427
58425
58417
58413
58409
58402
58395
58391
58388
58381
58373
58366
58346
58345
58336
58331
58319
58312
58307
58299
58290
58262
58258
58241
58226
58216
58208
58207
58194
58175
58173
58172
58165
58162
58148
58146
58140
58127
58116
58103
58093
58064
58062
58056
58027
58022
57990
57963
57948
57947
57946
57926
57924
57897
57881
57875
57856
57849
57812
57786
57771
57770
57765
57756
57754
57752
57744
57722
57717
57712
57703
57692
57618
57601
57590
57585
57575
57564
57551
57509
57509
57475
57474
57470
57452
57446
57443
57418
57377
57358
57331
57330
57327
57318
57308
57305
57302
57299
57295
57279
57261
57240
57195
57193
57191
57189
57187
57175
57162
57153
57151
57149
57142
57133
57122
57121
57120
57120
57112
57110
57101
57101
57096
57068
57051
57037
57026
57026
57008
56961
56961
56958
56948
56934
56933
56930
56926
56923
56901
56891
56873
56872
56866
56852
56836
56834
56831
56815
56805
56799
56790
56786
56776
56748
56738
56724
56723
56694
56691
56673
56669
56668
56658
56653
56650
56637
56630
56619
56606
56593
56582
56581
56580
56579
56578
56568
56565
56561
56548
56545
56544
56525
56521
56507
56479
56476
56472
56471
56464
56462
56460
56448
56447
56440
56436
56432
56427
56425
56407
56399
56391
56374
56341
56336
56310
56298
56279
56263
56263
56249
56247
56234
56234
56218
56198
56185
56185
56184
56165
56163
56154
56136
56135
56131
56120
56118
56094
56093
56092
56090
56078
56061
56047
56038
56025
56024
56000
55985
55979
55968
55960
55955
55930
55922
55914
55900
55897
55883
55877
55876
55868
55842
55827
55808
55807
55800
55789
55755
55754
55751
55735
55721
55718
55686
55669
55649
55637
55634
55627
55612
55598
55594
55557
55547
55546
55532
55509
55506
55498
55489
55475
55464
55461
55447
55440
55425
55422
55419
55388
55385
55381
55380
55378
55375
55362
55362
55347
55346
55340
55330
55317
55316
55297
55286
55273
55273
55271
55265
55260
55255
55254
55246
55241
55239
55231
55229
55227
55226
55209
55208
55208
55206
55178
55172
55168
55165
55155
55145
55144
55138
55134
55134
55126
55122
55121
55115
55113
55101
55089
55086
55078
55051
55042
55040
55015
55004
54999
54999
54976
54966
54962
54944
54943
54941
54941
54937
54930
54929
54922
54921
54892
54888
54881
54867
54864
54859
54856
54853
54852
54849
54842
54809
54802
54745
54741
54737
54731
54704
54703
54693
54691
54676
54664
54663
54636
54623
54622
54600
54591
54587
54575
54568
54560
54543
54536
54528
54513
54494
54490
54477
54469
54433
54433
54421
54389
54385
54382
54375
54373
54361
54354
54350
54335
54329
54324
54300
54278
54270
54244
54240
54236
54234
54221
54195
54175
54168
54157
54157
54157
54153
54150
54138
54124
54098
54091
54073
54048
54045
54043
54025
54021
54019
54019
54016
54016
54014
54005
53996
53980
53971
53949
53944
53927
53904
53898
53890
53889
53874
53854
53842
53822
53819
53818
53815
53813
53811
53803
53800
53795
53795
53783
53776
53774
53768
53764
53759
53758
53752
53748
53743
53738
53737
53736
53734
53716
53709
53708
53698
53696
53691
53661
53660
53655
53649
53641
53641
53630
53626
53624
53623
53595
53587
53581
53580
53577
53568
53518
53512
53509
53463
53449
53441
53421
53406
53371
53356
53321
53319
53313
53285
53284
53275
53269
53268
53268
53258
53257
53238
53231
53220
53178
53176
53150
53149
53133
53132
53111
53096
53071
53066
53057
53057
53051
53043
53031
53008
52987
52971
52962
52954
52945
52944
52940
52920
52916
52892
52885
52872
52863
52862
52861
52841
52828
52814
52814
52812
52811
52805
52774
52765
52762
52749
52725
52703
52697
52696
52691
52686
52677
52666
52646
52639
52632
52627
52608
52607
52580
52567
52562
52542
52528
52510
52497
52496
52489
52480
52462
52449
52448
52442
52438
52430
52416
52406
52406
52392
52384
52382
52370
52356
52354
52343
52341
52332
52314
52299
52290
52277
52265
52263
52253
52252
52241
52203
52193
52180
52158
52139
52108
52094
52085
52081
52049
52032
52019
52012
52007
52004
51998
51983
51962
51958
51953
51951
51950
51942
51941
51940
51936
51936
51923
51922
51905
51894
51892
51865
51864
51863
51861
51861
51856
51842
51841
51836
51812
51804
51798
51797
51792
51792
51784
51780
51732
51705
51698
51695
51693
51680
51664
51640
51627
51606
51598
51581
51580
51578
51573
51567
51560
51546
51546
51546
51546
51543
51538
51529
51511
51491
51479
51473
51460
51455
51453
51441
51427
51421
51414
51414
51413
51408
51394
51387
51378
51357
51349
51337
51314
51308
51298
51279
51272
51258
51246
51232
51224
51221
51200
51188
51181
51166
51159
51147
51142
51099
51095
51086
51079
51054
51049
51048
51047
51039
51025
51019
51017
51010
51009
50999
50996
50993
50991
50985
50959
50944
50938
50920
50911
50907
50884
50873
50873
50870
50842
50839
50825
50822
50819
50807
50762
50756
50755
50735
50731
50728
50725
50701
50693
50690
50682
50662
50635
50623
50621
50612
50611
50598
50593
50564
50564
50531
50526
50521
50477
50469
50457
50454
50440
50437
50405
50403
50396
50395
50388
50384
50379
50377
50370
50367
50358
50331
50319
50318
50299
50295
50290
50286
50275
50267
50255
50254
50245
50243
50240
50230
50206
50187
50184
50170
50168
50168
50150
50125
50111
50096
50094
50079
50066
50066
50043
50018
50003
50000
49997
49994
49993
49982
49972
49968
49968
49933
49926
49905
49895
49890
49885
49878
49878
49867
49866
49862
49857
49854
49838
49806
49801
49747
49738
49736
49728
49724
49716
49655
49654
49654
49648
49646
49642
49617
49607
49591
49586
49563
49562
49548
49544
49535
49535
49515
49499
49486
49486
49470
49465
49446
49442
49435
49423
49409
49384
49368
49367
49306
49303
49291
49285
49279
49275
49263
49254
49253
49243
49239
49227
49214
49209
49167
49158
49158
49151
49144
49127
49126
49123
49115
49113
49112
49074
49071
49052
49032
49026
49002
48999
48896
48889
48882
48872
48871
48870
48855
48847
48843
48841
48827
48820
48804
48802
48778
48776
48767
48753
48746
48741
48740
48736
48725
48718
48717
48714
48681
48654
48643
48623
48604
48596
48561
48559
48528
48517
48510
48499
48497
48494
48493
48490
48489
48489
48481
48444
48443
48420
48410
48401
48399
48398
48397
48371
48358
48358
48353
48351
48334
48315
48314
48309
48302
48295
48294
48288
48269
48261
48256
48249
48240
48222
48218
48217
48208
48207
48205
48200
48175
48164
48142
48137
48122
48120
48119
48109
48107
48091
48082
48081
48078
48065
48054
48049
48047
48014
47997
47980
47962
47955
47939
47924
47910
47906
47901
47870
47866
47839
47834
47828
47818
47796
47795
47787
47782
47775
47744
47738
47735
47714
47704
47694
47684
47670
47663
47662
47658
47655
47649
47634
47629
47608
47603
47594
47592
47590
47586
47518
47514
47514
47496
47475
47473
47456
47455
47454
47454
47445
47418
47407
47397
47370
47353
47335
47312
47301
47294
47294
47291
47283
47283
47280
47274
47264
47257
47232
47230
47223
47215
47204
47197
47179
47175
47171
47165
47157
47147
47145
47144
47135
47124
47113
47109
47097
47092
47081
47059
47055
47012
46977
46951
46949
46949
46947
46946
46941
46932
46923
46920
46912
46906
46884
46882
46865
46856
46852
46845
46840
46837
46821
46788
46782
46781
46773
46751
46744
46738
46728
46713
46706
46687
46679
46664
46658
46644
46642
46640
46590
46584
46571
46571
46550
46532
46499
46497
46477
46456
46443
46424
46413
46413
46409
46406
46393
46391
46383
46378
46375
46373
46366
46363
46350
46349
46345
46342
46339
46327
46325
46324
46324
46314
46293
46280
46267
46251
46237
46231
46228
46220
46216
46211
46198
46174
46142
46138
46132
46130
46122
46110
46086
46081
46074
46069
46069
46058
46054
46051
46050
46013
46010
46009
46007
45975
45956
45951
45947
45935
45932
45927
45927
45912
45887
45886
45878
45876
45853
45852
45845
45833
45819
45757
45746
45744
45741
45733
45708
45706
45700
45693
45688
45672
45656
45655
45652
45603
45598
45581
45575
45552
45534
45532
45528
45518
45509
45488
45480
45474
45471
45467
45448
45432
45406
45405
45395
45394
45378
45371
45359
45339
45337
45322
45312
45308
45303
45298
45292
45289
45266
45250
45233
45228
45201
45190
45187
45185
45184
45160
45156
45148
45147
45125
45125
45118
45089
45085
45081
45062
45054
45049
45048
45047
45046
45026
45021
45013
45007
44999
44998
44979
44935
44931
44929
44928
44898
44866
44860
44857
44830
44827
44823
44822
44817
44807
44806
44800
44794
44789
44781
44780
44767
44754
44726
44721
44717
44714
44705
44699
44698
44654
44629
44628
44625
44607
44597
44582
44575
44560
44549
44535
44535
44533
44523
44509
44441
44418
44411
44398
44377
44357
44347
44339
44323
44310
44306
44291
44281
44275
44240
44240
44240
44211
44202
44192
44189
44189
44169
44162
44141
44140
44130
44130
44128
44127
44127
44126
44112
44103
44102
44075
44056
44051
44048
44041
44034
44009
44000
43973
43919
43910
43898
43895
43888
43887
43875
43874
43859
43852
43839
43827
43823
43820
43809
43807
43774
43763
43760
43748
43717
43686
43681
43679
43653
43652
43598
43590
43582
43569
43560
43554
43535
43516
43513
43510
43505
43500
43499
43493
43493
43492
43491
43489
43485
43468
43461
43449
43441
43440
43434
43433
43431
43430
43424
43421
43413
43408
43398
43396
43393
43392
43390
43378
43377
43375
43365
43349
43347
43337
43335
43315
43302
43301
43300
43283
43269
43223
43213
43194
43194
43193
43182
43169
43167
43118
43115
43096
43094
43079
43077
43033
43002
43000
42996
42991
42991
42974
42960
42933
42928
42919
42912
42905
42880
42878
42862
42850
42849
42842
42829
42809
42806
42804
42786
42761
42759
42750
42741
42739
42738
42730
42730
42719
42687
42659
42650
42642
42616
42615
42606
42606
42592
42567
42567
42558
42554
42531
42508
42495
42492
42446
42437
42421
42416
42411
42409
42403
42395
42391
42384
42376
42368
42362
42361
42356
42343
42337
42314
42301
42297
42285
42282
42272
42264
42260
42242
42237
42226
42209
42197
42192
42180
42160
42134
42133
42127
42115
42113
42105
42101
42067
42065
42052
42044
42031
42018
42012
41991
41987
41976
41973
41969
41965
41964
41963
41953
41950
41941
41936
41930
41924
41922
41920
41920
41917
41890
41889
41889
41886
41882
41880
41845
41824
41818
41797
41754
41748
41744
41743
41736
41730
41726
41704
41696
41680
41670
41669
41663
41662
41660
41652
41637
41630
41611
41593
41592
41586
41568
41556
41554
41550
41527
41525
41515
41501
41498
41495
41492
41490
41485
41483
41478
41466
41460
41426
41398
41393
41383
41377
41376
41374
41364
41359
41358
41352
41351
41350
41348
41348
41345
41343
41336
41320
41315
41304
41295
41274
41260
41250
41242
41237
41182
41163
41161
41154
41129
41121
41106
41099
41075
41069
41056
41054
41050
41037
41027
41024
41014
41014
40999
40998
40990
40965
40964
40962
40933
40932
40929
40927
40920
40907
40893
40879
40878
40877
40874
40872
40871
40868
40864
40853
40851
40845
40834
40831
40827
40813
40788
40786
40785
40783
40779
40774
40767
40757
40750
40734
40718
40706
40701
40689
40685
40677
40664
40656
40629
40616
40596
40595
40590
40559
40553
40541
40534
40533
40530
40510
40510
40501
40492
40489
40487
40478
40462
40455
40451
40450
40440
40437
40433
40421
40419
40412
40412
40409
40401
40397
40375
40363
40359
40339
40334
40329
40326
40326
40307
40291
40283
40276
40243
40232
40227
40224
40214
40209
40205
40193
40192
40186
40180
40171
40161
40157
40146
40130
40100
40092
40084
40078
40052
40042
40019
40003
40001
39986
39969
39966
39959
39957
39941
39938
39935
39930
39927
39924
39924
39911
39896
39856
39820
39814
39788
39746
39744
39737
39735
39732
39729
39721
39705
39705
39702
39702
39700
39688
39662
39657
39619
39617
39606
39592
39563
39561
39543
39539
39520
39505
39503
39501
39499
39488
39484
39449
39447
39442
39442
39422
39419
39415
39370
39359
39357
39347
39341
39311
39306
39300
39298
39288
39244
39222
39214
39208
39204
39202
39197
39194
39181
39162
39148
39135
39133
39121
39081
39080
39074
39066
39051
39047
39033
39030
39016
39014
39011
39002
39000
38987
38973
38967
38961
38961
38938
38938
38928
38924
38905
38893
38889
38880
38876
38856
38854
38824
38806
38799
38794
38774
38773
38771
38767
38763
38759
38757
38727
38727
38723
38714
38710
38703
38691
38683
38679
38670
38666
38663
38640
38639
38614
38613
38613
38600
38592
38584
38568
38553
38533
38530
38522
38502
38490
38489
38482
38450
38443
38429
38424
38415
38403
38398
38397
38384
38373
38353
38343
38333
38332
38331
38307
38303
38299
38297
38289
38283
38280
38280
38259
38252
38237
38228
38211
38202
38191
38172
38159
38157
38150
38148
38147
38136
38105
38100
38099
38084
38080
38076
38056
38050
38048
38030
37992
37973
37967
37967
37930
37918
37908
37895
37884
37878
37872
37869
37862
37856
37842
37840
37837
37821
37819
37818
37815
37810
37810
37805
37785
37777
37762
37753
37740
37698
37692
37690
37664
37642
37630
37628
37619
37610
37610
37603
37596
37583
37583
37573
37542
37533
37526
37488
37481
37472
37469
37461
37457
37439
37428
37419
37415
37386
37384
37383
37378
37373
37354
37332
37317
37302
37301
37285
37278
37276
37258
37243
37240
37238
37231
37222
37220
37214
37207
37202
37186
37184
37181
37174
37160
37154
37148
37144
37128
37121
37081
37080
37065
37045
37035
37035
37020
37019
37011
36991
36983
36974
36970
36961
36945
36940
36939
36935
36902
36888
36880
36876
36876
36864
36856
36850
36850
36847
36840
36828
36824
36812
36789
36787
36773
36767
36745
36743
36738
36736
36734
36729
36728
36713
36713
36710
36705
36703
36689
36680
36665
36646
36643
36637
36627
36625
36618
36610
36592
36579
36572
36556
36544
36518
36497
36496
36495
36487
36484
36469
36463
36456
36446
36443
36433
36429
36427
36406
36384
36381
36380
36360
36357
36334
36321
36309
36306
36305
36304
36288
36282
36276
36269
36255
36243
36235
36227
36227
36226
36224
36217
36217
36208
36186
36182
36170
36165
36161
36157
36152
36142
36138
36122
36120
36099
36095
36095
36087
36082
36082
36078
36064
36046
36032
36015
35990
35971
35960
35956
35956
35949
35935
35926
35923
35914
35914
35914
35906
35891
35878
35867
35863
35858
35856
35844
35843
35843
35831
35828
35819
35799
35781
35779
35751
35751
35728
35723
35720
35703
35703
35690
35686
35681
35671
35640
35637
35628
35625
35623
35613
35608
35604
35591
35574
35557
35540
35514
35502
35492
35465
35458
35449
35449
35446
35439
35405
35403
35366
35366
35361
35346
35337
35336
35333
35331
35322
35320
35299
35284
35275
35262
35236
35230
35226
35212
35206
35177
35174
35174
35162
35151
35151
35142
35134
35117
35110
35108
35082
35082
35080
35046
35042
35031
35024
35012
35011
35000
35000
34992
34960
34946
34938
34934
34933
34928
34912
34907
34905
34895
34894
34878
34874
34827
34823
34811
34802
34782
34774
34770
34756
34732
34711
34701
34701
34679
34675
34674
34672
34671
34669
34662
34655
34636
34634
34618
34604
34600
34599
34593
34559
34557
34552
34544
34526
34522
34521
34510
34472
34470
34468
34456
34455
34453
34443
34415
34396
34393
34382
34370
34367
34366
34361
34359
34357
34356
34350
34346
34323
34302
34296
34292
34291
34283
34278
34269
34254
34248
34223
34220
34215
34214
34214
34207
34188
34186
34176
34164
34162
34152
34150
34150
34130
34116
34116
34104
34101
34085
34070
34060
34058
34048
34044
34042
34033
34029
34027
33998
33990
33986
33969
33955
33953
33951
33940
33930
33917
33917
33910
33886
33875
33866
33865
33864
33853
33841
33835
33831
33830
33829
33828
33808
33800
33778
33770
33765
33755
33753
33747
33746
33743
33739
33739
33733
33727
33726
33702
33699
33691
33691
33687
33663
33658
33630
33624
33619
33609
33594
33573
33552
33549
33540
33532
33521
33494
33491
33485
33482
33480
33474
33469
33460
33451
33438
33436
33429
33428
33422
33417
33405
33389
33388
33384
33377
33374
33336
33333
33297
33296
33294
33294
33251
33244
33237
33215
33214
33208
33173
33171
33169
33152
33149
33143
33142
33121
33117
33107
33097
33094
33092
33085
33079
33072
33067
33019
33015
33001
32996
32975
32960
32917
32914
32878
32878
32869
32859
32858
32846
32840
32825
32819
32819
32815
32807
32801
32794
32792
32768
32767
32764
32729
32717
32712
32704
32693
32693
32692
32690
32689
32680
32679
32662
32645
32644
32635
32618
32614
32611
32599
32590
32553
32544
32535
32527
32525
32515
32490
32490
32489
32459
32435
32429
32424
32423
32418
32406
32405
32374
32374
32370
32367
32317
32300
32267
32245
32233
32229
32207
32207
32206
32189
32186
32184
32174
32166
32164
32156
32095
32090
32086
32074
32062
32053
32040
32025
32019
32019
32004
32003
31997
31975
31966
31960
31958
31950
31949
31935
31933
31920
31913
31896
31891
31884
31880
31867
31861
31843
31835
31830
31825
31812
31810
31810
31797
31796
31783
31769
31734
31732
31728
31711
31708
31669
31665
31656
31634
31633
31612
31611
31610
31595
31578
31577
31561
31553
31539
31530
31513
31508
31500
31492
31474
31473
31453
31430
31424
31414
31399
31398
31369
31356
31341
31340
31338
31335
31332
31327
31323
31318
31306
31296
31270
31251
31238
31231
31229
31228
31222
31195
31191
31182
31181
31175
31167
31166
31163
31148
31139
31111
31109
31102
31101
31099
31099
31097
31086
31083
31082
31074
31055
31053
31048
31048
31047
31010
31009
30992
30983
30960
30959
30954
30949
30941
30923
30919
30916
30895
30845
30843
30838
30822
30816
30810
30810
30802
30801
30801
30785
30784
30768
30754
30747
30739
30726
30710
30691
30688
30687
30680
30662
30662
30583
30579
30573
30561
30545
30544
30533
30518
30509
30495
30493
30485
30472
30466
30461
30450
30423
30422
30414
30404
30394
30392
30368
30364
30360
30352
30348
30308
30294
30290
30281
30280
30271
30271
30248
30230
30218
30204
30194
30179
30178
30162
30138
30131
30125
30125
30104
30102
30090
30085
30063
30056
30055
30052
30048
30044
30038
30023
30021
30021
30004
29999
29995
29982
29971
29965
29964
29954
29947
29943
29929
29928
29921
29900
29891
29880
29877
29876
29859
29856
29854
29840
29829
29828
29827
29815
29812
29803
29801
29800
29795
29779
29779
29777
29774
29759
29748
29746
29735
29723
29723
29707
29694
29674
29667
29662
29635
29634
29621
29612
29607
29600
29592
29569
29558
29553
29551
29542
29531
29524
29503
29495
29484
29476
29472
29471
29467
29456
29449
29444
29414
29410
29408
29399
29392
29387
29385
29385
29374
29363
29362
29353
29322
29301
29285
29275
29242
29240
29235
29235
29226
29222
29221
29205
29201
29197
29191
29191
29177
29175
29172
29151
29146
29142
29121
29113
29074
29073
29070
29066
29066
29063
29057
29056
29051
29050
29035
29007
28956
28948
28940
28932
28929
28925
28921
28912
28908
28907
28905
28882
28882
28846
28828
28824
28817
28801
28782
28743
28741
28721
28714
28679
28671
28665
28662
28644
28626
28608
28608
28603
28602
28601
28596
28576
28574
28560
28540
28540
28512
28494
28460
28459
28456
28450
28429
28420
28417
28416
28406
28406
28405
28398
28381
28376
28374
28353
28350
28335
28334
28321
28316
28312
28306
28304
28295
28270
28270
28242
28230
28222
28219
28198
28183
28171
28120
28116
28111
28103
28081
28078
28075
28074
28050
28047
28044
28009
28006
27990
27970
27948
27941
27940
27939
27929
27923
27889
27881
27871
27870
27858
27846
27829
27813
27812
27804
27791
27787
27781
27768
27760
27756
27742
27740
27723
27717
27701
27694
27693
27681
27676
27665
27661
27645
27631
27626
27609
27592
27578
27567
27559
27557
27547
27545
27542
27536
27531
27513
27502
27500
27484
27476
27476
27467
27462
27452
27446
27446
27442
27432
27432
27425
27374
27365
27361
27354
27350
27337
27325
27324
27324
27319
27284
27283
27271
27240
27225
27223
27205
27185
27172
27149
27148
27147
27147
27116
27092
27089
27089
27063
27062
27045
27044
27038
27033
27006
26989
26978
26971
26971
26950
26943
26938
26905
26869
26862
26860
26839
26837
26820
26810
26802
26775
26772
26771
26771
26765
26760
26740
26738
26738
26728
26720
26715
26705
26669
26667
26667
26667
26667
26663
26654
26647
26633
26632
26628
26610
26608
26600
26576
26551
26523
26523
26486
26470
26469
26443
26442
26439
26426
26421
26417
26412
26412
26402
26394
26393
26370
26355
26354
26353
26333
26316
26312
26298
26294
26288
26279
26268
26243
26230
26214
26213
26210
26204
26199
26199
26181
26143
26138
26122
26119
26073
26051
26036
26011
26004
25987
25965
25955
25923
25918
25900
25892
25889
25863
25858
25843
25819
25813
25809
25798
25797
25782
25781
25769
25768
25752
25752
25742
25722
25718
25714
25709
25708
25705
25701
25695
25676
25651
25641
25607
25599
25577
25574
25558
25557
25540
25539
25518
25505
25501
25466
25457
25456
25449
25448
25442
25412
25407
25405
25403
25393
25373
25373
25366
25365
25356
25356
25341
25326
25300
25298
25292
25279
25277
25277
25264
25246
25240
25227
25224
25220
25216
25207
25203
25191
25184
25172
25166
25166
25146
25141
25131
25118
25117
25104
25104
25096
25084
25075
25059
25037
25027
25014
25010
25010
25005
25004
24997
24987
24987
24966
24961
24932
24925
24918
24918
24908
24906
24899
24895
24891
24891
24887
24878
24872
24872
24864
24862
24856
24843
24839
24839
24798
24796
24791
24783
24752
24739
24720
24711
24677
24666
24664
24654
24652
24635
24634
24631
24629
24628
24622
24621
24606
24602
24583
24578
24548
24535
24503
24493
24440
24437
24431
24427
24379
24376
24370
24359
24357
24344
24318
24318
24312
24307
24306
24304
24301
24298
24279
24272
24271
24263
24258
24256
24253
24243
24242
24234
24214
24213
24204
24185
24182
24168
24167
24164
24100
24093
24087
24079
24069
24054
24033
24023
24002
23993
23960
23918
23911
23908
23886
23855
23851
23844
23844
23828
23824
23823
23808
23803
23800
23798
23767
23758
23757
23756
23754
23736
23731
23699
23694
23678
23661
23642
23642
23640
23639
23616
23616
23605
23595
23589
23583
23580
23561
23558
23534
23526
23523
23523
23499
23488
23474
23464
23440
23426
23413
23412
23408
23407
23403
23360
23351
23331
23330
23320
23292
23284
23283
23279
23268
23260
23256
23244
23226
23218
23209
23207
23199
23156
23141
23124
23098
23088
23085
23082
23065
23065
23063
23055
23028
23025
23013
22994
22980
22945
22924
22906
22875
22855
22854
22801
22799
22788
22786
22771
22763
22757
22746
22738
22729
22729
22727
22703
22695
22686
22676
22675
22675
22674
22669
22669
22658
22640
22606
22605
22590
22589
22588
22584
22579
22579
22553
22543
22543
22539
22536
22528
22525
22520
22518
22516
22492
22485
22472
22432
22420
22418
22417
22416
22405
22389
22387
22386
22375
22372
22370
22360
22351
22347
22343
22321
22311
22298
22293
22287
22261
22259
22258
22251
22235
22222
22211
22208
22205
22202
22201
22191
22187
22172
22167
22119
22118
22117
22109
22076
22073
22058
22017
22001
21997
21993
21987
21986
21983
21972
21966
21961
21943
21931
21924
21922
21914
21913
21899
21897
21892
21858
21844
21819
21810
21806
21797
21771
21759
21758
21756
21734
21718
21716
21708
21685
21681
21672
21645
21638
21635
21602
21586
21567
21559
21551
21544
21543
21539
21533
21519
21503
21454
21435
21433
21430
21413
21382
21348
21337
21324
21318
21317
21309
21300
21299
21289
21283
21275
21266
21249
21231
21230
21208
21199
21184
21172
21154
21148
21142
21129
21121
21095
21069
21057
21052
21046
21040
21018
21017
21013
21011
20995
20984
20962
20958
20948
20931
20926
20924
20912
20910
20906
20901
20887
20883
20878
20873
20860
20856
20846
20812
20800
20798
20770
20754
20753
20749
20748
20743
20722
20703
20685
20683
20673
20653
20647
20631
20631
20625
20606
20586
20578
20577
20564
20522
20511
20500
20494
20493
20490
20471
20468
20450
20445
20439
20427
20420
20401
20401
20394
20387
20386
20359
20324
20290
20290
20288
20287
20285
20281
20273
20227
20210
20198
20192
20188
20179
20177
20169
20132
20128
20123
20118
20109
20100
20091
20084
20082
20069
20056
20055
20043
19986
19984
19983
19979
19939
19934
19915
19911
19900
19887
19880
19879
19869
19856
19855
19851
19848
19836
19836
19825
19823
19821
19815
19811
19805
19787
19777
19775
19775
19756
19755
19733
19731
19709
19708
19707
19706
19705
19702
19701
19687
19686
19678
19675
19675
19674
19670
19669
19627
19595
19570
19553
19545
19512
19490
19484
19472
19467
19448
19443
19424
19423
19419
19413
19405
19396
19394
19371
19366
19363
19359
19341
19326
19323
19310
19304
19303
19264
19246
19236
19234
19221
19212
19210
19193
19159
19151
19150
19148
19121
19117
19111
19094
19041
19038
19030
19027
19022
19022
19017
19014
19013
19002
18987
18963
18940
18940
18937
18932
18903
18899
18898
18882
18877
18876
18873
18868
18865
18847
18842
18825
18819
18819
18818
18817
18812
18794
18789
18758
18751
18747
18737
18726
18725
18716
18699
18689
18683
18671
18650
18618
18578
18576
18574
18570
18569
18567
18548
18531
18523
18519
18513
18506
18505
18490
18479
18478
18469
18463
18458
18451
18449
18439
18434
18433
18407
18405
18394
18393
18389
18384
18376
18372
18357
18339
18337
18327
18303
18295
18290
18278
18277
18272
18269
18236
18234
18221
18217
18199
18193
18191
18186
18181
18167
18153
18140
18140
18111
18101
18087
18062
18058
18053
18050
18045
18040
18040
18031
18026
18013
17996
17958
17957
17952
17943
17932
17931
17927
17925
17923
17912
17911
17894
17892
17884
17877
17865
17845
17834
17808
17791
17776
17760
17749
17740
17730
17720
17706
17705
17705
17694
17667
17654
17651
17644
17632
17631
17628
17622
17606
17594
17594
17591
17579
17572
17568
17565
17551
17529
17521
17517
17512
17506
17501
17482
17475
17467
17465
17463
17460
17413
17411
17378
17368
17361
17356
17349
17342
17337
17311
17286
17285
17277
17275
17264
17254
17253
17246
17242
17222
17207
17185
17175
17169
17168
17162
17155
17153
17138
17125
17094
17073
17054
17031
17027
17025
17009
16991
16986
16974
16970
16962
16956
16956
16950
16945
16942
16941
16921
16911
16906
16872
16860
16853
16844
16843
16831
16829
16817
16817
16814
16811
16803
16790
16787
16787
16780
16774
16769
16769
16764
16763
16760
16758
16755
16747
16744
16744
16731
16726
16719
16688
16645
16633
16630
16620
16619
16600
16599
16584
16583
16580
16563
16539
16538
16517
16508
16508
16507
16498
16486
16482
16450
16445
16444
16436
16427
16425
16418
16410
16406
16404
16387
16386
16376
16334
16330
16329
16322
16303
16287
16263
16254
16253
16234
16228
16222
16214
16200
16179
16175
16174
16164
16157
16151
16144
16139
16127
16118
16117
16115
16113
16108
16087
16082
16066
16066
16055
16053
16038
16038
16034
16009
15992
15982
15981
15970
15961
15959
15957
15937
15907
15905
15903
15903
15866
15830
15830
15828
15809
15766
15755
15746
15742
15722
15704
15701
15693
15691
15676
15675
15675
15644
15640
15621
15603
15596
15593
15590
15590
15581
15580
15568
15565
15565
15564
15541
15535
15528
15522
15519
15518
15514
15504
15480
15474
15457
15447
15443
15417
15409
15409
15403
15403
15380
15380
15374
15370
15363
15355
15320
15310
15297
15290
15286
15285
15272
15266
15255
15248
15245
15224
15218
15216
15212
15197
15165
15148
15137
15123
15106
15103
15081
15072
15071
15067
15050
15046
15026
15022
15022
15020
15014
15013
15010
15009
14987
14987
14971
14912
14884
14883
14866
14860
14851
14850
14841
14833
14823
14822
14815
14813
14786
14784
14777
14771
14763
14759
14721
14712
14706
14699
14694
14692
14679
14677
14673
14672
14670
14654
14640
14631
14630
14604
14596
14591
14585
14567
14475
14473
14467
14466
14457
14456
14450
14438
14433
14425
14423
14416
14406
14382
14354
14351
14332
14330
14327
14312
14296
14295
14291
14275
14266
14253
14252
14239
14204
14184
14183
14178
14166
14158
14147
14130
14111
14108
14099
14088
14081
14078
14075
14071
14034
14031
14030
14022
14018
14015
14011
14001
13979
13977
13975
13974
13957
13943
13942
13937
13934
13918
13898
13890
13890
13868
13847
13847
13832
13829
13823
13807
13804
13804
13799
13798
13776
13768
13763
13763
13753
13751
13750
13748
13739
13723
13699
13699
13656
13656
13632
13621
13589
13585
13581
13558
13551
13543
13535
13531
13518
13514
13508
13502
13498
13484
13483
13476
13406
13400
13388
13386
13347
13346
13344
13344
13318
13297
13288
13277
13276
13265
13264
13262
13252
13212
13209
13170
13161
13136
13132
13130
13115
13102
13075
13063
13060
13053
13045
13038
13036
13026
13025
13024
13020
12996
12993
12988
12969
12925
12914
12912
12894
12876
12866
12849
12820
12816
12811
12810
12807
12804
12800
12798
12795
12778
12771
12747
12746
12737
12734
12702
12683
12675
12665
12661
12657
12655
12647
12646
12620
12617
12608
12607
12592
12558
12550
12550
12550
12541
12527
12517
12513
12508
12505
12502
12492
12470
12467
12433
12425
12414
12403
12387
12387
12381
12381
12359
12358
12353
12319
12300
12298
12285
12282
12271
12264
12235
12223
12215
12212
12205
12200
12189
12177
12167
12160
12141
12135
12127
12111
12110
12103
12098
12088
12081
12077
12073
12049
12047
12034
12029
12023
12021
12019
12004
12000
11988
11965
11951
11947
11924
11920
11905
11884
11875
11865
11851
11850
11845
11838
11827
11823
11810
11793
11786
11783
11776
11775
11771
11766
11765
11750
11722
11715
11711
11698
11696
11688
11686
11679
11674
11671
11668
11667
11666
11647
11626
11620
11618
11613
11603
11580
11574
11559
11554
11545
11540
11536
11531
11530
11511
11500
11478
11472
11470
11470
11449
11446
11431
11418
11393
11388
11347
11317
11312
11306
11302
11301
11284
11270
11261
11260
11184
11180
11172
11168
11157
11140
11130
11128
11105
11082
11068
11043
11036
11023
11019
11017
11009
11008
11002
10992
10970
10950
10922
10914
10910
10888
10888
10884
10881
10880
10862
10848
10830
10809
10804
10782
10761
10756
10743
10726
10700
10691
10682
10657
10655
10619
10617
10599
10599
10567
10553
10530
10530
10515
10505
10504
10499
10477
10469
10468
10445
10434
10433
10433
10431
10429
10428
10354
10347
10334
10331
10325
10312
10308
10283
10262
10257
10250
10247
10240
10233
10232
10231
10228
10197
10190
10153
10150
10138
10108
10103
10100
10084
10078
10078
10076
10075
10075
10069
10058
10051
10038
10027
10017
10015
10009
9997
9992
9977
9972
9972
9961
9946
9935
9921
9919
9917
9882
9866
9816
9793
9785
9784
9766
9747
9746
9737
9732
9716
9714
9711
9711
9707
9707
9704
9697
9693
9685
9682
9679
9671
9618
9616
9608
9606
9604
9601
9592
9590
9564
9558
9557
9555
9532
9527
9525
9514
9459
9454
9453
9448
9439
9430
9425
9416
9414
9408
9404
9402
9369
9360
9355
9355
9347
9341
9339
9314
9311
9310
9305
9278
9274
9229
9216
9195
9194
9189
9186
9182
9178
9172
9163
9154
9145
9144
9139
9116
9115
9098
9089
9078
9054
9049
9048
9046
9034
9019
8992
8992
8978
8975
8970
8950
8947
8945
8943
8942
8941
8911
8907
8902
8900
8896
8879
8876
8861
8846
8803
8762
8752
8747
8744
8737
8727
8703
8691
8655
8651
8647
8637
8636
8582
8570
8568
8565
8558
8548
8541
8528
8525
8518
8504
8493
8485
8473
8471
8466
8461
8452
8446
8445
8440
8435
8394
8391
8366
8360
8337
8327
8306
8300
8296
8286
8284
8266
8263
8261
8250
8249
8247
8237
8219
8216
8215
8205
8194
8193
8186
8178
8169
8146
8144
8140
8138
8115
8108
8096
8083
8080
8077
8068
8064
8039
8038
8036
8030
8026
8021
7979
7976
7973
7963
7955
7934
7933
7931
7916
7904
7893
7883
7877
7871
7871
7869
7861
7850
7843
7839
7824
7820
7804
7790
7771
7757
7751
7729
7717
7704
7696
7696
7689
7686
7682
7673
7671
7656
7655
7654
7640
7602
7592
7581
7580
7568
7539
7534
7530
7527
7526
7516
7516
7516
7512
7495
7490
7490
7483
7482
7472
7458
7452
7443
7427
7424
7420
7420
7415
7389
7384
7377
7371
7369
7365
7344
7338
7335
7333
7326
7319
7312
7308
7289
7270
7270
7262
7249
7242
7219
7207
7206
7204
7193
7191
7190
7189
7184
7158
7150
7142
7123
7123
7084
7079
7076
7070
7059
7056
7054
7050
7037
7035
7033
7024
7022
7022
7008
7006
6986
6974
6972
6963
6949
6948
6941
6934
6928
6913
6906
6897
6894
6888
6883
6872
6837
6835
6811
6776
6737
6735
6731
6729
6723
6701
6689
6662
6658
6654
6649
6646
6645
6631
6613
6604
6595
6590
6577
6564
6562
6540
6523
6522
6512
6509
6488
6482
6473
6472
6423
6413
6409
6409
6402
6393
6380
6378
6377
6368
6356
6342
6315
6308
6285
6278
6273
6265
6259
6236
6235
6229
6224
6219
6215
6210
6201
6188
6187
6177
6176
6165
6164
6163
6145
6143
6136
6120
6119
6109
6091
6089
6074
6035
6033
6032
6015
5984
5981
5979
5971
5965
5961
5959
5948
5946
5940
5937
5917
5916
5915
5913
5906
5890
5864
5863
5855
5831
5812
5807
5801
5779
5774
5771
5760
5739
5736
5717
5698
5695
5662
5650
5643
5641
5633
5613
5609
5606
5594
5590
5585
5585
5583
5572
5560
5551
5548
5537
5536
5533
5527
5518
5516
5511
5508
5507
5503
5501
5493
5480
5471
5464
5464
5464
5456
5456
5437
5425
5407
5405
5378
5374
5357
5355
5349
5328
5319
5318
5318
5261
5257
5243
5242
5228
5226
5212
5199
5168
5164
5157
5150
5138
5117
5067
5063
5063
5039
5038
5030
5027
5025
5006
4998
4991
4961
4954
4949
4946
4945
4936
4932
4911
4907
4897
4873
4873
4852
4823
4815
4807
4795
4794
4794
4793
4788
4775
4775
4769
4760
4752
4749
4747
4736
4733
4720
4718
4707
4694
4690
4686
4651
4650
4640
4638
4630
4628
4618
4603
4579
4578
4556
4552
4524
4517
4509
4485
4485
4482
4481
4480
4468
4467
4461
4459
4456
4445
4444
4419
4380
4375
4374
4357
4354
4331
4312
4305
4278
4271
4256
4240
4239
4238
4224
4224
4209
4202
4196
4190
4188
4187
4179
4177
4170
4166
4153
4145
4142
4136
4128
4109
4109
4105
4104
4100
4081
4077
4072
4066
4050
4046
4041
4036
4031
4030
4029
4025
4015
4002
3967
3961
3935
3926
3922
3915
3888
3874
3869
3860
3859
3844
3840
3838
3814
3779
3747
3734
3730
3723
3715
3711
3705
3691
3674
3672
3668
3664
3639
3630
3604
3597
3582
3573
3565
3556
3528
3525
3519
3511
3510
3503
3501
3498
3495
3492
3485
3464
3461
3450
3446
3445
3432
3428
3422
3406
3379
3362
3336
3322
3319
3305
3289
3278
3262
3261
3245
3231
3231
3229
3219
3199
3194
3167
3166
3160
3157
3153
3145
3119
3118
3117
3106
3102
3093
3093
3079
3070
3066
3064
3050
3046
3036
3033
3032
3011
3010
3010
3003
2991
2990
2976
2973
2971
2970
2955
2950
2945
2943
2937
2874
2837
2779
2766
2738
2736
2735
2734
2730
2698
2695
2688
2682
2680
2671
2657
2620
2605
2559
2554
2553
2533
2530
2525
2522
2519
2509
2500
2496
2472
2439
2419
2415
2407
2367
2358
2352
2334
2333
2303
2290
2263
2247
2237
2232
2231
2228
2226
2209
2206
2206
2196
2195
2186
2177
2173
2159
2153
2148
2147
2136
2119
2101
2091
2088
2085
2080
2075
2062
2060
2041
2016
2013
2008
2005
2002
1997
1988
1979
1973
1969
1959
1954
1951
1949
1941
1914
1911
1909
1892
1883
1851
1848
1846
1820
1797
1787
1783
1779
1751
1728
1724
1724
1714
1710
1707
1689
1679
1640
1622
1609
1602
1601
1591
1584
1581
1581
1580
1579
1557
1554
1541
1524
1520
1517
1513
1506
1504
1491
1488
1481
1475
1457
1404
1403
1400
1399
1386
1379
1377
1359
1356
1356
1340
1336
1327
1321
1308
1299
1292
1282
1265
1258
1256
1243
1236
1236
1231
1218
1192
1186
1184
1180
1180
1177
1176
1173
1168
1154
1137
1110
1107
1101
1071
1068
1066
1063
1056
1044
1033
1028
1004
999
997
993
986
955
953
951
946
925
921
901
891
873
863
848
845
844
833
826
825
821
805
804
784
770
770
768
747
741
739
732
727
724
703
695
690
684
675
659
654
614
608
595
595
590
587
586
579
565
558
546
534
532
524
512
505
492
484
471
428
428
426
424
419
408
392
378
371
362
360
344
311
310
262
258
241
231
194
169
166
164
154
152
151
139
131
122
111
108
106
84
76
50
21
2
1
